pnx4008_wdt_set_timeout,FUNC_0
wdd,VAR_0
new_timeout,VAR_1
