EACCES,VAR_0
IMX_SIP_TIMER,VAR_1
IMX_SIP_TIMER_SET_TIMEOUT_WDOG,VAR_2
arm_smccc_smc,FUNC_0
imx_sc_wdt_set_timeout,FUNC_1
wdog,VAR_3
timeout,VAR_4
res,VAR_5
