BE_SNAP_SERIAL_MAX,VAR_0
ZFS_TYPE_SNAPSHOT,VAR_1
localtime,FUNC_0
snprintf,FUNC_1
strftime,FUNC_2
strlen,FUNC_3
time,FUNC_4
zfs_dataset_exists,FUNC_5
be_setup_snapshot_name,FUNC_6
lbh,VAR_2
buf,VAR_3
buflen,VAR_4
rawtime,VAR_5
len,VAR_6
serial,VAR_7
