CFBundleCreate,FUNC_0
CFBundleGetFunctionPointerForName,FUNC_1
CFRelease,FUNC_2
CFSTR,FUNC_3
CFStringCreateWithCString,FUNC_4
CFURLCreateWithFileSystemPath,FUNC_5
kCFAllocatorDefault,VAR_0
kCFStringEncodingASCII,VAR_1
kCFURLPOSIXPathStyle,VAR_2
gfx_ctx_cgl_get_proc_address,FUNC_6
symbol_name,VAR_3
bundle_url,VAR_4
opengl_bundle_ref,VAR_5
function,VAR_6
ret,VAR_7
