av_pix_fmt_desc_get,FUNC_0
image_copy_16_to_8,FUNC_1
pic,VAR_0
img,VAR_1
desc,VAR_2
i,VAR_3
w,VAR_4
h,VAR_5
x,VAR_6
y,VAR_7
src,VAR_8
dst,VAR_9
