reap_screen,FUNC_0
handle_edm,FUNC_1
ctx,VAR_0
pts,VAR_1
screen,VAR_2
