rgtc_block_internal,FUNC_0
rgtc1_block_internal,FUNC_1
dst,VAR_0
stride,VAR_1
block,VAR_2
sign,VAR_3
mono,VAR_4
offset,VAR_5
pix_size,VAR_6
color_table,VAR_7
r0,VAR_8
r1,VAR_9
