av_fifo_size,FUNC_0
qsv_fifo_item_size,FUNC_1
qsv_fifo_size,FUNC_2
fifo,VAR_0
