KERN_VIRT_START,VAR_0
PAGE_OFFSET,VAR_1
address_markers,VAR_2
note_page,FUNC_0
radix_enabled,FUNC_1
walk_pagetables,FUNC_2
ptdump_show,FUNC_3
m,VAR_3
v,VAR_4
st,VAR_5
