LOWPAN_GHC_EXT_ROUTE_ID_0,VAR_0
LOWPAN_GHC_EXT_ROUTE_MASK_0,VAR_1
route_ghid_setup,FUNC_0
nhc,VAR_2
