reloc_count,VAR_0
count_reloc,FUNC_0
rel,VAR_1
sym,VAR_2
