EFI_DT_ADDR_CELLS_DEFAULT,VAR_0
EFI_DT_SIZE_CELLS_DEFAULT,VAR_1
fdt_path_offset,FUNC_0
fdt_setprop_u32,FUNC_1
fdt_update_cell_size,FUNC_2
sys_table,VAR_2
fdt,VAR_3
offset,VAR_4
