vfs_include_syscalls_impl,FUNC_0
