ALIGN,FUNC_0
DIV_ROUND_UP,FUNC_1
ea_calc_size,FUNC_2
sdp,VAR_0
nsize,VAR_1
dsize,VAR_2
size,VAR_3
jbsize,VAR_4
