WARN_ON,FUNC_0
pr_crit,FUNC_1
process_frame_data,FUNC_2
qman_cb_dqrr_consume,VAR_0
qman_enqueue,FUNC_3
normal_dqrr,FUNC_4
portal,VAR_1
fq,VAR_2
dqrr,VAR_3
handler,VAR_4
