RX_IDLE,VAR_0
RX_PENDING,VAR_1
RX_SENT,VAR_2
hso_mux_serial_read,FUNC_0
put_rxbuf_data,FUNC_1
put_rxbuf_data_and_resubmit_ctrl_urb,FUNC_2
serial,VAR_3
count,VAR_4
urb,VAR_5
