BINFO_TYPE,FUNC_0
DECL_NONSTATIC_MEMBER_FUNCTION_P,FUNC_1
DEDUCE_CALL,VAR_0
NULL_TREE,VAR_1
OVL_CURRENT,FUNC_2
OVL_NEXT,FUNC_3
TEMPLATE_DECL,VAR_2
TREE_CHAIN,FUNC_4
TREE_CODE,FUNC_5
TREE_VALUE,FUNC_6
add_function_candidate,FUNC_7
add_template_candidate,FUNC_8
build_this,FUNC_9
tree_cons,FUNC_10
add_candidates,FUNC_11
fns,VAR_3
args,VAR_4
explicit_targs,VAR_5
template_only,VAR_6
conversion_path,VAR_7
access_path,VAR_8
flags,VAR_9
candidates,VAR_10
ctype,VAR_11
non_static_args,VAR_12
fn,VAR_13
fn_args,VAR_14
