CP_DECL_CONTEXT,FUNC_0
DECL_CLASS_SCOPE_P,FUNC_1
DECL_NAME,FUNC_2
FUNCTION_DECL,VAR_0
TFF_DECL_SPECIFIERS,VAR_1
TFF_PLAIN_IDENTIFIER,VAR_2
TREE_CODE,FUNC_3
cxx_pp,VAR_3
decl_as_string,FUNC_4
dump_decl,FUNC_5
dump_function_name,FUNC_6
dump_type,FUNC_7
pp_cxx_colon_colon,FUNC_8
pp_formatted_text,FUNC_9
reinit_cxx_pp,FUNC_10
lang_decl_name,FUNC_11
decl,VAR_4
v,VAR_5
