svn_error_trace,FUNC_0
svn_wc__db_read_info,FUNC_1
svn_wc__node_get_changed_info,FUNC_2
changed_rev,VAR_0
changed_date,VAR_1
changed_author,VAR_2
wc_ctx,VAR_3
local_abspath,VAR_4
result_pool,VAR_5
scratch_pool,VAR_6
