ELAPSED,FUNC_0
checkvalue,FUNC_1
fail_err,FUNC_2
fail_errno,FUNC_3
ksem_destroy,FUNC_4
ksem_init,FUNC_5
pass,FUNC_6
timedwait,FUNC_7
unlocked_timedwait,FUNC_8
id,VAR_0
elapsed,VAR_1
