ATH10K_DBG_PCI_PS,VAR_0
WARN_ON,FUNC_0
__ath10k_pci_wake,FUNC_1
ath10k_dbg,FUNC_2
ath10k_pci_priv,FUNC_3
ath10k_pci_wake_wait,FUNC_4
spin_lock_irqsave,FUNC_5
spin_unlock_irqrestore,FUNC_6
ath10k_pci_wake,FUNC_7
ar,VAR_1
ar_pci,VAR_2
flags,VAR_3
ret,VAR_4
