ATH10K_DBG_WMI,VAR_0
ENOMEM,VAR_1
EOPNOTSUPP,VAR_2
ERR_PTR,FUNC_0
WMI_PDEV_PARAM_UNSUPPORTED,VAR_3
__cpu_to_le32,FUNC_1
ath10k_dbg,FUNC_2
ath10k_warn,FUNC_3
ath10k_wmi_alloc_skb,FUNC_4
ath10k_wmi_op_gen_pdev_set_param,FUNC_5
ar,VAR_4
id,VAR_5
value,VAR_6
cmd,VAR_7
skb,VAR_8
