cxt5066_automic,FUNC_0
cxt5066_hp_automute,FUNC_1
snd_printdd,FUNC_2
cxt5066_unsol_event,FUNC_3
codec,VAR_0
res,VAR_1
