EINVAL,VAR_0
USB_R0,VAR_1
USB_R0_U2D_ACT,VAR_2
USB_R4,VAR_3
USB_R4_P21_SLEEP_M0,VAR_4
dev_err,FUNC_0
phy_get_drvdata,FUNC_1
regmap_update_bits,FUNC_2
phy_meson_gxl_usb3_set_mode,FUNC_3
phy,VAR_5
mode,VAR_6
submode,VAR_7
priv,VAR_8
