copy_cpu,FUNC_0
gpu_index,VAR_0
load_weights,FUNC_1
parse_network_cfg,FUNC_2
printf,FUNC_3
save_weights,FUNC_4
scal_cpu,FUNC_5
oneoff,FUNC_6
cfgfile,VAR_1
weightfile,VAR_2
outfile,VAR_3
net,VAR_4
oldn,VAR_5
c,VAR_6
l,VAR_7
