NGX_OK,VAR_0
ngx_http_get_module_ctx,FUNC_0
ngx_http_scgi_module,VAR_1
ngx_http_scgi_process_status_line,VAR_2
ngx_http_scgi_reinit_request,FUNC_1
r,VAR_3
status,VAR_4
