__progname,VAR_0
crunched_usage,FUNC_0
main,FUNC_1
strrchr,FUNC_2
crunched_main,FUNC_3
argc,VAR_1
argv,VAR_2
envp,VAR_3
slash,VAR_4
ep,VAR_5
columns,VAR_6
len,VAR_7
