ScuSendSystemManager,FUNC_0
SmpcINTBACKPeripheral,FUNC_1
SmpcINTBACKStatus,FUNC_2
SmpcInternalVars,VAR_0
SmpcRegs,VAR_1
SmpcINTBACK,FUNC_3
