T1MemoryDeInit,FUNC_0
T2MemoryDeInit,FUNC_1
Vdp2ColorRam,VAR_0
Vdp2Ram,VAR_1
Vdp2Regs,VAR_2
free,FUNC_2
Vdp2DeInit,FUNC_3
