AddBitmapInfoString,FUNC_0
AddBppString,FUNC_1
AddColorCalcInfo,FUNC_2
AddColorOffsetInfo,FUNC_3
AddMapInfo,FUNC_4
AddMosaicString,FUNC_5
AddSpecialPriorityInfo,FUNC_6
AddString,FUNC_7
AddWindowInfoString,FUNC_8
Vdp2GetPlaneSize,FUNC_9
Vdp2Regs,VAR_0
Vdp2DebugStatsNBG0,FUNC_10
outstring,VAR_1
isenabled,VAR_2
lineVerticalScrollReg,VAR_3
isbitmap,VAR_4
patternwh,VAR_5
map,VAR_6
patterndatasize,VAR_7
supplementdata,VAR_8
planew,VAR_9
planeh,VAR_10
