PXSEG,FUNC_0
port2adr,FUNC_1
snapgear_inb,FUNC_2
port,VAR_0
