jsV_tonumber,FUNC_0
stackidx,FUNC_1
js_tonumber,FUNC_2
J,VAR_0
idx,VAR_1
