js_free,FUNC_0
jsP_freejumps,FUNC_1
J,VAR_0
node,VAR_1
next,VAR_2
