chartorune,FUNC_0
checkstring,FUNC_1
js_isdefined,FUNC_2
js_pushnumber,FUNC_3
js_tointeger,FUNC_4
js_tostring,FUNC_5
strlen,FUNC_6
strncmp,FUNC_7
Sp_lastIndexOf,FUNC_8
J,VAR_0
haystack,VAR_1
needle,VAR_2
pos,VAR_3
len,VAR_4
k,VAR_5
last,VAR_6
rune,VAR_7
