FRQCR,VAR_0
__raw_readw,FUNC_0
pfc_divisors,VAR_1
module_clk_recalc,FUNC_1
clk,VAR_2
frqcr,VAR_3
idx,VAR_4
