blocking_notifier_chain_unregister,FUNC_0
pSeries_reconfig_chain,VAR_0
pSeries_reconfig_notifier_unregister,FUNC_1
nb,VAR_1
