FULL_PATH,FUNC_0
chmod,FUNC_1
errno,VAR_0
full_path,VAR_1
pifs_chmod,FUNC_2
path,VAR_2
mode,VAR_3
ret,VAR_4
