debugfs_remove_recursive,FUNC_0
ixgbe_dbg_root,VAR_0
ixgbe_dbg_exit,FUNC_1
