DCA_TAG_MAP_VALID,VAR_0
IOAT_TAG_MAP_LEN,VAR_1
cpu_physical_id,FUNC_0
dca_priv,FUNC_1
ioat_dca_get_tag,FUNC_2
dca,VAR_2
dev,VAR_3
cpu,VAR_4
ioatdca,VAR_5
i,VAR_6
apic_id,VAR_7
bit,VAR_8
value,VAR_9
entry,VAR_10
tag,VAR_11
