FALSE,VAR_0
NODE_SPLAT,VAR_1
TRUE,VAR_2
nint,FUNC_0
nosplat,FUNC_1
t,VAR_3
