EINVAL,VAR_0
MPT_LAN_MAX_MTU,VAR_1
MPT_LAN_MIN_MTU,VAR_2
mpt_lan_change_mtu,FUNC_0
dev,VAR_3
new_mtu,VAR_4
