rbuGetU32,FUNC_0
aBuf,VAR_0
