pblk_ppa64_to_ppa32,FUNC_0
pblk_trans_map_set,FUNC_1
pblk,VAR_0
lba,VAR_1
ppa,VAR_2
map,VAR_3
map,VAR_4
