pblk_rb_read_count,FUNC_0
pblk_write_kick,FUNC_1
pblk_write_should_kick,FUNC_2
pblk,VAR_0
secs_avail,VAR_1
