readDocid,FUNC_0
skipPositionList,FUNC_1
skipDocument,FUNC_2
pReader,VAR_0
