SQLITE_ERROR,VAR_0
SQLITE_OK,VAR_1
assert,FUNC_0
readDocid,FUNC_1
readerAtEnd,FUNC_2
sqlite3_bind_int64,FUNC_3
sqlite3_reset,FUNC_4
sqlite3_step,FUNC_5
fulltextNext,FUNC_6
pCursor,VAR_2
c,VAR_3
iDocid,VAR_4
rc,VAR_5
