archive_strcpy,FUNC_0
archive_string_init,FUNC_1
calloc,FUNC_2
needsAscent,VAR_0
needsDescent,VAR_1
needsOpen,VAR_2
tree_push,FUNC_3
t,VAR_3
path,VAR_4
filesystem_id,VAR_5
dev,VAR_6
ino,VAR_7
rt,VAR_8
te,VAR_9
