memchr,FUNC_0
rsrc_basename,FUNC_1
name,VAR_0
name_length,VAR_1
s,VAR_2
r,VAR_3
