DEV_COMMAND_REG,VAR_0
RESET_COMMAND,VAR_1
SOFT_RESET_DELAY_MS,VAR_2
dev_err,FUNC_0
msleep,FUNC_1
synaptics_i2c_config,FUNC_2
synaptics_i2c_reg_set,FUNC_3
synaptics_i2c_reset_config,FUNC_4
client,VAR_3
ret,VAR_4
