f2fs_put_page,FUNC_0
f2fs_warn,FUNC_1
get_checkpoint_version,FUNC_2
le32_to_cpu,FUNC_3
validate_checkpoint,FUNC_4
sbi,VAR_0
cp_addr,VAR_1
version,VAR_2
cp_page_1,VAR_3
cp_page_2,VAR_4
cp_block,VAR_5
cur_version,VAR_6
pre_version,VAR_7
err,VAR_8
