JBD2_FLAG_LAST_TAG,VAR_0
JBD2_FLAG_SAME_UUID,VAR_1
cpu_to_be32,FUNC_0
journal_tag_bytes,FUNC_1
count_tags,FUNC_2
journal,VAR_2
bh,VAR_3
tagp,VAR_4
tag,VAR_5
nr,VAR_6
size,VAR_7
tag_bytes,VAR_8
