BUFFER_SCHEME_ONE,VAR_0
BUFFER_SCHEME_TWO,VAR_1
DPRINTK,FUNC_0
fore200e_select_scheme,FUNC_1
vcc,VAR_2
scheme,VAR_3
