GFP_KERNEL,VAR_0
cpu_to_le16,FUNC_0
kzalloc,FUNC_1
memcpy,FUNC_2
__a2mp_build,FUNC_3
code,VAR_1
ident,VAR_2
len,VAR_3
data,VAR_4
cmd,VAR_5
plen,VAR_6
