snd_akm4xxx_get,FUNC_0
snd_iprintf,FUNC_1
ak4358_proc_regs_read,FUNC_2
entry,VAR_0
buffer,VAR_1
ice,VAR_2
reg,VAR_3
val,VAR_4
