del_timer,FUNC_0
bfa_ioc_hb_stop,FUNC_1
ioc,VAR_0
