GATTC_ConfigureMTU,FUNC_0
GATTC_OPTYPE_CONFIG,VAR_0
GATT_CMD_STARTED,VAR_1
GATT_SUCCESS,VAR_2
bta_gattc_cmpl_sendmsg,FUNC_1
bta_gattc_enqueue,FUNC_2
bta_gattc_pop_command_to_send,FUNC_3
bta_gattc_cfg_mtu,FUNC_4
p_clcb,VAR_3
p_data,VAR_4
status,VAR_5
