qed_cyclic_add,FUNC_0
a,VAR_0
b,VAR_1
size,VAR_2
