DCBX_APP_SF_IEEE,VAR_0
DCBX_APP_SF_IEEE_ETHTYPE,VAR_1
DCBX_APP_SF_IEEE_RESERVED,VAR_2
QED_MFW_GET_FIELD,FUNC_0
qed_dcbx_app_ethtype,FUNC_1
qed_dcbx_ieee_app_ethtype,FUNC_2
app_info_bitmap,VAR_3
mfw_val,VAR_4
