AN_HOME_NETWORK,VAR_0
AN_RID_ACTUALCFG,VAR_1
AN_RID_WEP_PERM,VAR_2
AN_RID_WEP_TEMP,VAR_3
an_getval,FUNC_0
bzero,FUNC_1
printf,FUNC_2
an_readkeyinfo,FUNC_3
iface,VAR_4
areq,VAR_5
cfg,VAR_6
k,VAR_7
i,VAR_8
home,VAR_9
