SQUASHFS_MAGIC,VAR_0
SQUASHFS_NAME_LEN,VAR_1
TRACE,FUNC_0
huge_encode_dev,FUNC_1
squashfs_statfs,FUNC_2
dentry,VAR_2
buf,VAR_3
msblk,VAR_4
id,VAR_5
