ok,FUNC_0
pFBadRowSet,FUNC_1
win_skip,FUNC_2
test_FBadRowSet,FUNC_3
ulRet,VAR_0
