EINTR,VAR_0
_,FUNC_0
errno,VAR_1
pg_set_noblock,FUNC_1
send,FUNC_2
snprintf,FUNC_3
strerror,FUNC_4
strlen,FUNC_5
report_fork_failure_to_client,FUNC_6
port,VAR_2
errnum,VAR_3
buffer,VAR_4
rc,VAR_5
