USB_SPEED_SUPER,VAR_0
dummy_udc_update_ep0,FUNC_0
dum,VAR_1
