EINVAL,VAR_0
GB_SPI_SPI_DEV,VAR_1
GB_SPI_SPI_MODALIAS,VAR_2
GB_SPI_SPI_NOR,VAR_3
GB_SPI_TYPE_DEVICE_CONFIG,VAR_4
gb_operation_sync,FUNC_0
get_master_from_spi,FUNC_1
le16_to_cpu,FUNC_2
le32_to_cpu,FUNC_3
memcpy,FUNC_4
spi_new_device,FUNC_5
strlcpy,FUNC_6
gb_spi_setup_device,FUNC_7
spi,VAR_5
cs,VAR_6
master,VAR_7
request,VAR_8
response,VAR_9
spi_board,VAR_10
spidev,VAR_11
ret,VAR_12
dev_type,VAR_13
