mlx5e_close_txqsq,FUNC_0
mlx5e_close_sqs,FUNC_1
c,VAR_0
tc,VAR_1
