tirc_default_config,VAR_0
mlx5e_update_rx_hash_fields,FUNC_0
ttconfig,VAR_1
tt,VAR_2
rx_hash_fields,VAR_3
