mlx5_geneve_tx_allowed,FUNC_0
mdev,VAR_0
