CVMX_CIU_DINT,VAR_0
CVMX_MIO_BOOT_BIST_STAT,VAR_1
cvmx_get_core_num,FUNC_0
cvmx_read_csr,FUNC_1
cvmx_write_csr,FUNC_2
cvmx_debug_trigger_exception,FUNC_3
