cvmx_build_mask,FUNC_0
bits,VAR_0
