MAX_TCP_WINDOW,VAR_0
TCP_DEFAULT_INIT_RCVWND,VAR_1
max_t,FUNC_0
min,FUNC_1
min_t,FUNC_2
sysctl_rmem_max,VAR_2
sysctl_tcp_rmem,VAR_3
sysctl_tcp_workaround_signed_windows,VAR_4
u32,VAR_5
tcp_select_initial_window,FUNC_3
__space,VAR_6
mss,VAR_7
rcv_wnd,VAR_8
window_clamp,VAR_9
wscale_ok,VAR_10
rcv_wscale,VAR_11
init_rcv_wnd,VAR_12
space,VAR_13
init_cwnd,VAR_14
