pr_warn,FUNC_0
irq_install_pre_handler,FUNC_1
irq,VAR_0
func,VAR_1
arg1,VAR_2
arg2,VAR_3
