list_check_node,FUNC_0
list_check,FUNC_1
h,VAR_0
abortstr,VAR_1
