DR_STE_SET_TAG,FUNC_0
DR_STE_SET_TCP_FLAGS,FUNC_1
dscp,VAR_0
dst_port,VAR_1
ecn,VAR_2
eth_l4,VAR_3
frag,VAR_4
fragmented,VAR_5
ip_dscp,VAR_6
ip_ecn,VAR_7
ip_protocol,VAR_8
ipv6_hop_limit,VAR_9
protocol,VAR_10
src_port,VAR_11
tcp_dport,VAR_12
tcp_sport,VAR_13
ttl_hoplimit,VAR_14
udp_dport,VAR_15
udp_sport,VAR_16
dr_ste_build_ipv6_l3_l4_tag,FUNC_2
value,VAR_17
sb,VAR_18
hw_ste_p,VAR_19
spec,VAR_20
hw_ste,VAR_21
tag,VAR_22
