MLX5DR_STE_LU_TYPE_NOP,VAR_0
MLX5_GET,FUNC_0
next_lu_type,VAR_1
ste_general,VAR_2
mlx5dr_ste_is_not_valid_entry,FUNC_1
p_hw_ste,VAR_3
hw_ste,VAR_4
