VNIC_PADDR_TARGET,VAR_0
iowrite32,FUNC_0
writeq,FUNC_1
vnic_wq_init,FUNC_2
wq,VAR_1
cq_index,VAR_2
error_interrupt_enable,VAR_3
error_interrupt_offset,VAR_4
paddr,VAR_5
