NO_DATA_SLEEP_MSECS,VAR_0
input_get_drvdata,FUNC_0
mod_delayed_work,FUNC_1
msecs_to_jiffies,FUNC_2
polling_req,VAR_1
synaptics_i2c_reset_config,FUNC_3
system_wq,VAR_2
synaptics_i2c_open,FUNC_4
input,VAR_3
touch,VAR_4
ret,VAR_5
