writel,FUNC_0
rme9652_write,FUNC_1
rme9652,VAR_0
reg,VAR_1
val,VAR_2
