PMAP_PCID_INVALID_PCID,VAR_0
pmap_assert,FUNC_0
real_ncpus,VAR_1
pmap_pcid_initialize,FUNC_1
p,VAR_2
i,VAR_3
nc,VAR_4
