INIT_LIST_HEAD,FUNC_0
IS_ERR,FUNC_1
PTR_ERR,FUNC_2
iser_create_fastreg_desc,FUNC_3
iser_free_fastreg_pool,FUNC_4
list_add_tail,FUNC_5
spin_lock_init,FUNC_6
iser_alloc_fastreg_pool,FUNC_7
ib_conn,VAR_0
cmds_max,VAR_1
size,VAR_2
device,VAR_3
fr_pool,VAR_4
desc,VAR_5
i,VAR_6
ret,VAR_7
