DRV_NAME,VAR_0
DRV_VERSION,VAR_1
netdev_priv,FUNC_0
pci_name,FUNC_1
strlcpy,FUNC_2
netdev_get_drvinfo,FUNC_3
dev,VAR_2
info,VAR_3
rp,VAR_4
