BUG_ON,FUNC_0
ib_post_recv,FUNC_1
ib_post_srq_recv,FUNC_2
srp_max_req_size,VAR_0
srpt_recv_done,VAR_1
srpt_post_recv,FUNC_3
sdev,VAR_2
ch,VAR_3
ioctx,VAR_4
list,VAR_5
wr,VAR_6
