UNSIGNALED_EVENT_SLOT,VAR_0
page_slots,FUNC_0
acknowledge_signal,FUNC_1
p,VAR_1
ev,VAR_2
