DMA_FROM_DEVICE,VAR_0
DMA_TO_DEVICE,VAR_1
EINVAL,VAR_2
TDES_FLAGS_DMA,VAR_3
TDES_FLAGS_FAST,VAR_4
atmel_tdes_sg_copy,FUNC_0
dma_sync_single_for_device,FUNC_1
dma_unmap_sg,FUNC_2
pr_err,FUNC_3
atmel_tdes_crypt_dma_stop,FUNC_4
dd,VAR_5
err,VAR_6
count,VAR_7
