LACP_PORT_NTT,VAR_0
lacp_sm_assert_ntt,FUNC_0
lp,VAR_1
