if_alloc,FUNC_0
if_gethandle,FUNC_1
type,VAR_0
