nfq_id_after,FUNC_0
id,VAR_0
max,VAR_1
