t_sockcred_server,FUNC_0
t_sockcred_2_server,FUNC_1
fd,VAR_0
