PIDTYPE_PID,VAR_0
SIGKILL,VAR_1
bpfilter_ops,VAR_2
find_vpid,FUNC_0
get_pid_task,FUNC_1
put_task_struct,FUNC_2
send_sig,FUNC_3
shutdown_umh,FUNC_4
tsk,VAR_3
