EINVAL,VAR_0
IDX_MIXER_REC_SELECT,VAR_1
snd_azf3328_dbgmixer,FUNC_0
snd_azf3328_mixer_inw,FUNC_1
snd_azf3328_mixer_outw,FUNC_2
snd_azf3328_mixer_reg_decode,FUNC_3
snd_kcontrol_chip,FUNC_4
snd_azf3328_put_mixer_enum,FUNC_5
kcontrol,VAR_2
ucontrol,VAR_3
chip,VAR_4
reg,VAR_5
oreg,VAR_6
nreg,VAR_7
val,VAR_8
