STRBUF_INIT,VAR_0
all_packs,VAR_1
odb_pack_name,FUNC_0
pack_id,VAR_2
strbuf_release,FUNC_1
unlink_or_warn,FUNC_2
unkeep_all_packs,FUNC_3
name,VAR_3
k,VAR_4
p,VAR_5
