strcmp,FUNC_0
diffnamecmp,FUNC_1
a_,VAR_0
b_,VAR_1
a,VAR_2
b,VAR_3
name_a,VAR_4
name_b,VAR_5
