kh_init_oid_map,FUNC_0
prepare_bitmap_git,FUNC_1
rebuild_existing_bitmaps,FUNC_2
writer,VAR_0
bitmap_writer_reuse_bitmaps,FUNC_3
to_pack,VAR_1
bitmap_git,VAR_2
