MAX_PROTOCOLS_IMP,VAR_0
handle_to_scmi_info,FUNC_0
scmi_is_protocol_implemented,FUNC_1
handle,VAR_1
prot_id,VAR_2
i,VAR_3
info,VAR_4
