SWITCH_REG_TIMER,VAR_0
SWITCH_REG_TIMER_INT,VAR_1
SW_READ_REG,FUNC_0
SW_WRITE_REG,FUNC_1
TIMER_INT_TOM,VAR_2
TIMER_INT_TOS,VAR_3
TIMER_PERIOD_DEFAULT,VAR_4
TIMER_PERIOD_MASK,VAR_5
TIMER_TE,VAR_6
adm5120_ndelay,FUNC_2
ns,VAR_7
t,VAR_8
