GX_GetTexObjFmt,FUNC_0
__gx,VAR_0
__GXDefTexRegionCallback,FUNC_1
obj,VAR_1
mapid,VAR_2
fmt,VAR_3
idx,VAR_4
regionA,VAR_5
regionB,VAR_6
ret,VAR_7
