CARDIO_OP_TIMEDOUT,VAR_0
TB_TIMER_CLOCK,VAR_1
_ioError,VAR_2
gettick,FUNC_0
__card_checktimeout,FUNC_1
drv_no,VAR_3
startT,VAR_4
timeout,VAR_5
endT,VAR_6
diff,VAR_7
msec,VAR_8
