MEM_Blob,VAR_0
MEM_Str,VAR_1
sqlite3VdbeMemExpandBlob,FUNC_0
sqlite3_value_text,FUNC_1
sqlite3_value_blob,FUNC_2
pVal,VAR_2
p,VAR_3
