PTM_PARSE_ISO8601,VAR_0
dbg_at_times,VAR_1
dbg_timenow,VAR_2
ptime_init,FUNC_0
ptime_relparse,FUNC_1
strcmp,FUNC_2
strncmp,FUNC_3
time,FUNC_4
warnx,FUNC_5
parse_doption,FUNC_6
doption,VAR_3
TN,VAR_4
res,VAR_5
