DEBUGLOG,FUNC_0
MEM_INIT,FUNC_1
LZ4_resetStream,FUNC_2
LZ4_stream,VAR_0
