FIB6_EXCEPTION_BUCKET_FLUSHED,VAR_0
lockdep_is_held,FUNC_0
rcu_assign_pointer,FUNC_1
rcu_dereference_protected,FUNC_2
fib6_nh_excptn_bucket_set_flushed,FUNC_3
nh,VAR_1
lock,VAR_2
bucket,VAR_3
p,VAR_4
