ADS8688_CMD_DONT_CARE_BITS,VAR_0
ADS8688_CMD_REG,FUNC_0
ADS8688_CMD_REG_MAN_CH,FUNC_1
ADS8688_CMD_REG_NOOP,VAR_1
ARRAY_SIZE,FUNC_2
be32_to_cpu,FUNC_3
cpu_to_be32,FUNC_4
iio_priv,FUNC_5
spi_sync_transfer,FUNC_6
ads8688_read,FUNC_7
indio_dev,VAR_2
chan,VAR_3
st,VAR_4
ret,VAR_5
tmp,VAR_6
t,VAR_7
