BIT,FUNC_0
le32p_replace_bits,FUNC_1
set_tx_desc_last_seg,FUNC_2
__txdesc,VAR_0
__value,VAR_1
