CAMIO_VFE_MDC_CLK,VAR_0
msm_camio_clk_enable,FUNC_0
stub1,FUNC_1
msm_camio_probe_on,FUNC_2
pdev,VAR_1
sinfo,VAR_2
camdev,VAR_3
