SHA256_DIGEST_LENGTH,VAR_0
U64,FUNC_0
sha512_256_init,FUNC_1
c,VAR_1
