get_decl_note,FUNC_0
decl,VAR_0
name,VAR_1
i,VAR_2
note,VAR_3
