pinctrl_dev_get_drvdata,FUNC_0
pm8xxx_write_bank,FUNC_1
pm8xxx_pinmux_set_mux,FUNC_2
pctldev,VAR_0
function,VAR_1
group,VAR_2
pctrl,VAR_3
pin,VAR_4
val,VAR_5
