stub1,FUNC_0
stub2,FUNC_1
qedr_stop_hw,FUNC_2
dev,VAR_0
