ENXIO,VAR_0
get_device,FUNC_0
put_device,FUNC_1
try_module_get,FUNC_2
ide_device_get,FUNC_3
drive,VAR_1
host_dev,VAR_2
module,VAR_3
