ATA_ID_CFA_MODES,VAR_0
ATA_ID_FIELD_VALID,VAR_1
ATA_ID_MWDMA_MODES,VAR_2
ATA_ID_OLD_DMA_MODES,VAR_3
ATA_ID_SWDMA_MODES,VAR_4
ATA_ID_UDMA_MODES,VAR_5
ATA_SWDMA2,VAR_6
BUG,FUNC_0
XFER_UDMA_2,VAR_7
ata_id_is_cfa,FUNC_1
eighty_ninty_three,FUNC_2
stub1,FUNC_3
stub2,FUNC_4
ide_get_mode_mask,FUNC_5
drive,VAR_8
base,VAR_9
req_mode,VAR_10
id,VAR_11
hwif,VAR_12
port_ops,VAR_13
mask,VAR_14
mode,VAR_15
mode,VAR_16
