DIOCRTSTADDRS,VAR_0
EINVAL,VAR_1
bzero,FUNC_0
dev,VAR_2
errno,VAR_3
ioctl,FUNC_1
pfr_tst_addrs,FUNC_2
tbl,VAR_4
addr,VAR_5
size,VAR_6
nmatch,VAR_7
flags,VAR_8
io,VAR_9
