ALIGN,FUNC_0
CSI_MAX_HEIGHT,VAR_0
CSI_MAX_WIDTH,VAR_1
V4L2_COLORSPACE_SRGB,VAR_2
V4L2_FIELD_NONE,VAR_3
V4L2_MAP_QUANTIZATION_DEFAULT,FUNC_1
V4L2_MAP_XFER_FUNC_DEFAULT,FUNC_2
V4L2_MAP_YCBCR_ENC_DEFAULT,FUNC_3
clamp,FUNC_4
memset,FUNC_5
sun4i_csi_find_format,FUNC_6
sun4i_csi_formats,VAR_4
_sun4i_csi_try_fmt,FUNC_7
csi,VAR_5
pix,VAR_6
_fmt,VAR_7
height,VAR_8
width,VAR_9
i,VAR_10
hsub,VAR_11
vsub,VAR_12
bpl,VAR_13
