GTK_CELL_RENDERER_MODE_ACTIVATABLE,VAR_0
g_object_set,FUNC_0
custom_cell_renderer_button_init,FUNC_1
cellbutton,VAR_1
