dma_map_page,FUNC_0
niu_pci_map_page,FUNC_1
dev,VAR_0
page,VAR_1
offset,VAR_2
size,VAR_3
direction,VAR_4
