nfsd_file_get,FUNC_0
__nfs4_get_fd,FUNC_1
f,VAR_0
oflag,VAR_1
