dget,FUNC_0
exp_get,FUNC_1
fh_put,FUNC_2
fh_dup2,FUNC_3
dst,VAR_0
src,VAR_1
