BLOCK_DICT,FUNC_0
SYMBOL_BLOCK_VALUE,FUNC_1
VAR_DOMAIN,VAR_0
deprecated_selected_frame,VAR_1
dict_empty,FUNC_2
error,FUNC_3
get_frame_function,FUNC_4
lookup_block_symbol,FUNC_5
read_var_value,FUNC_6
value_of_local,FUNC_7
name,VAR_2
complain,VAR_3
func,VAR_4
sym,VAR_5
b,VAR_6
ret,VAR_7
