monitor_write,FUNC_0
puts_debug,FUNC_1
remote_debug,VAR_0
sprintf,FUNC_2
debug_write,FUNC_3
buf,VAR_1
buflen,VAR_2
s,VAR_3
