memcmp,FUNC_0
set_token,FUNC_1
strlen,FUNC_2
get_punctuator,FUNC_3
tok,VAR_0
p,VAR_1
end,VAR_2
punctuators,VAR_3
i,VAR_4
punctuator,VAR_5
len,VAR_6
