fprintf_unfiltered,FUNC_0
gdb_assert,FUNC_1
gdb_stdlog,VAR_0
gdbarch_debug,VAR_1
stub1,FUNC_2
gdbarch_deprecated_frame_chain_valid,FUNC_3
gdbarch,VAR_2
chain,VAR_3
thisframe,VAR_4
