MLX5_REFORMAT_TYPE_L2_TO_NVGRE,VAR_0
MLX5_REFORMAT_TYPE_L2_TO_VXLAN,VAR_1
mlx5_set_entropy,FUNC_0
mutex_lock,FUNC_1
mutex_unlock,FUNC_2
mlx5_tun_entropy_refcount_dec,FUNC_3
tun_entropy,VAR_2
reformat_type,VAR_3
