CVTBL,FUNC_0
FF_CODE_PAGE,VAR_0
oem2uni,VAR_1
ff_oem2uni,FUNC_1
oem,VAR_2
cp,VAR_3
p,VAR_4
c,VAR_5
i,VAR_6
n,VAR_7
li,VAR_8
hi,VAR_9
