e820_table,VAR_0
__e820__mapped_all,FUNC_0
start,VAR_1
end,VAR_2
type,VAR_3
i,VAR_4
entry,VAR_5
