A,VAR_0
FP_CUR_EXCEPTIONS,VAR_1
FP_DECL_EX,VAR_2
FP_DECL_S,FUNC_0
FP_NEG_S,FUNC_1
FP_PACK_SP,FUNC_2
FP_UNPACK_SP,FUNC_3
R,VAR_3
__FPU_FPCSR,VAR_4
fnegs,FUNC_4
ft,VAR_5
fa,VAR_6
