sctp_ss_prio_add,FUNC_0
sctp_ss_prio_remove,FUNC_1
sctp_ss_prio_set_value,FUNC_2
stcb,VAR_0
asoc,VAR_1
strq,VAR_2
value,VAR_3
