CLK_100K_DIV,VAR_0
CTL_CLK_M,VAR_1
CTL_MRR,VAR_2
CTL_MTR,VAR_3
ENODATA,VAR_4
I2C_M_RD,VAR_5
MRXFIFO_DATA_M,VAR_6
MRXFIFO_EMPTY,VAR_7
MTXFIFO_READ,VAR_8
MTXFIFO_START,VAR_9
MTXFIFO_STOP,VAR_10
REG_CTL,VAR_11
RXFIFO_RD,FUNC_0
TXFIFO_WR,FUNC_1
i2c_8bit_addr_from_msg,FUNC_2
pasemi_smb_waitready,FUNC_3
reg_write,FUNC_4
pasemi_i2c_xfer_msg,FUNC_5
adapter,VAR_12
msg,VAR_13
stop,VAR_14
smbus,VAR_15
read,VAR_16
i,VAR_17
err,VAR_18
rd,VAR_19
