ingress_fq_count,FUNC_0
msleep,FUNC_1
wait_for_ingress_fq_empty,FUNC_2
priv,VAR_0
retries,VAR_1
pending,VAR_2
