ASSERT,FUNC_0
ENOENT,VAR_0
list_prev,FUNC_1
list_tail,FUNC_2
mutex_enter,FUNC_3
mutex_exit,FUNC_4
zfs_multihost_history,VAR_1
spa_mmp_history_set,FUNC_5
spa,VAR_2
mmp_node_id,VAR_3
io_error,VAR_4
duration,VAR_5
shl,VAR_6
smh,VAR_7
error,VAR_8
