AF_INET,VAR_0
NETDEV_DOWN,VAR_1
NOTIFY_DONE,VAR_2
atomic_dec,FUNC_0
atomic_inc_not_zero,FUNC_1
dprintk,FUNC_2
nlm_ntf_refcnt,VAR_3
nlm_ntf_wq,VAR_4
nlmsvc_rqst,VAR_5
svc_age_temp_xprts_now,FUNC_3
wake_up,FUNC_4
lockd_inetaddr_event,FUNC_5
this,VAR_6
event,VAR_7
ptr,VAR_8
ifa,VAR_9
sin,VAR_10
