INTEGRITY_UNKNOWN,VAR_0
ima_get_cache_status,FUNC_0
iint,VAR_1
func,VAR_2
