darken_work_cb_xrgb8888,FUNC_0
data,VAR_0
thread_data,VAR_1
thr,VAR_2
input,VAR_3
output,VAR_4
width,VAR_5
height,VAR_6
x,VAR_7
y,VAR_8
