GET_MODE_SIZE,FUNC_0
UNITS_PER_WORD,VAR_0
gen_label_rtx,FUNC_1
rtx_equal_p,FUNC_2
xmalloc,FUNC_3
add_constant,FUNC_4
pool,VAR_1
value,VAR_2
mode,VAR_3
p,VAR_4
c,VAR_5
first_of_size_p,VAR_6
