get_attr_may_clobber_hilo,FUNC_0
mips_linked_madd_p,FUNC_1
mips_macc_chains_last_hilo,VAR_0
mips_promote_ready,FUNC_2
recog_memoized,FUNC_3
mips_macc_chains_reorder,FUNC_4
ready,VAR_1
nready,VAR_2
i,VAR_3
j,VAR_4
