COND_MI,FUNC_0
CYC_BCC_NOTAKE_B,VAR_0
MASK_OUT_ABOVE_8,FUNC_1
REG_IR,VAR_1
USE_CYCLES,FUNC_2
m68ki_branch_8,FUNC_3
m68ki_trace_t0,FUNC_4
m68k_op_bmi_8,FUNC_5
