ntohl,FUNC_0
xdr_to_u64,FUNC_1
x,VAR_0
