lua_numbertointeger,FUNC_0
lua_pushinteger,FUNC_1
lua_pushnumber,FUNC_2
pushnumint,FUNC_3
L,VAR_0
d,VAR_1
n,VAR_2
