ELF_ST_BIND,FUNC_0
SHN_ABS,VAR_0
STB_LOCAL,VAR_1
bfd_abs_section_ptr,VAR_2
bfd_link_hash_defined,VAR_3
bfd_link_hash_indirect,VAR_4
bfd_link_hash_warning,VAR_5
elf_sym_hashes,FUNC_1
set_symbol_value,FUNC_2
bfd_with_globals,VAR_6
finfo,VAR_7
symidx,VAR_8
val,VAR_9
is_local,VAR_10
sym,VAR_11
sym_hashes,VAR_12
h,VAR_13
