dbdLAST,VAR_0
my_vars,VAR_1
update_getenv,FUNC_0
cache_getenv,FUNC_1
name,VAR_2
which,VAR_3
result,VAR_4
