ENOENT,VAR_0
device_get_ivars,FUNC_0
xenbusb_read_ivar,FUNC_1
dev,VAR_1
child,VAR_2
index,VAR_3
result,VAR_4
ivars,VAR_5
