NVOBJ_FLAG_ZERO_ALLOC,VAR_0
lower_32_bits,FUNC_0
nouveau_client,FUNC_1
nouveau_fifo_context_create,FUNC_2
nouveau_gpuobj_new,FUNC_3
nouveau_vm_ref,FUNC_4
nv_object,FUNC_5
nv_wo32,FUNC_6
upper_32_bits,FUNC_7
nve0_fifo_context_ctor,FUNC_8
parent,VAR_1
engine,VAR_2
oclass,VAR_3
data,VAR_4
size,VAR_5
pobject,VAR_6
base,VAR_7
ret,VAR_8
