getuid,FUNC_0
lua_pushinteger,FUNC_1
lua_getuid,FUNC_2
L,VAR_0
