on_info,FUNC_0
p,VAR_0
