GMBUS1,VAR_0
GMBUS3,VAR_1
GMBUS_BYTE_COUNT_SHIFT,VAR_2
GMBUS_CYCLE_WAIT,VAR_3
GMBUS_HW_RDY,VAR_4
GMBUS_HW_RDY_EN,VAR_5
GMBUS_SLAVE_ADDR_SHIFT,VAR_6
GMBUS_SLAVE_WRITE,VAR_7
GMBUS_SW_RDY,VAR_8
I915_WRITE_FW,FUNC_0
gmbus_wait,FUNC_1
gmbus_xfer_write_chunk,FUNC_2
dev_priv,VAR_9
addr,VAR_10
buf,VAR_11
len,VAR_12
gmbus1_index,VAR_13
chunk_size,VAR_14
val,VAR_15
loop,VAR_16
ret,VAR_17
