DEFAULT_BLK_SZ,VAR_0
DEFAULT_PRNG_KSZ,VAR_1
EINVAL,VAR_2
PRNG_NEED_RESET,VAR_3
crypto_rng_ctx,FUNC_0
reset_prng_context,FUNC_1
cprng_reset,FUNC_2
tfm,VAR_4
seed,VAR_5
slen,VAR_6
prng,VAR_7
key,VAR_8
dt,VAR_9
