crypto_free_ablkcipher,FUNC_0
crypto_tfm_ctx,FUNC_1
crypto_exit_skcipher_ops_ablkcipher,FUNC_2
tfm,VAR_0
ctx,VAR_1
