FFMAX,FUNC_0
fabs,FUNC_1
output_gain,FUNC_2
compressor,FUNC_3
s,VAR_0
src,VAR_1
dst,VAR_2
scsrc,VAR_3
nb_samples,VAR_4
level_in,VAR_5
level_sc,VAR_6
inlink,VAR_7
sclink,VAR_8
makeup,VAR_9
mix,VAR_10
i,VAR_11
c,VAR_12
abs_sample,VAR_13
gain,VAR_14
detector,VAR_15
detected,VAR_16
