av_freep,FUNC_0
oscilloscope_uninit,FUNC_1
ctx,VAR_0
s,VAR_1
