av_fft_calc,FUNC_0
av_fft_permute,FUNC_1
read_fft_data,FUNC_2
synth_window,FUNC_3
ctx,VAR_0
x,VAR_1
s,VAR_2
h,VAR_3
nb,VAR_4
y,VAR_5
f,VAR_6
ch,VAR_7
