pullup_release_buffer,FUNC_0
pullup_release_frame,FUNC_1
f,VAR_0
i,VAR_1
