FFMIN,FUNC_0
ff_filter_get_nb_threads,FUNC_1
ctx,VAR_0
