E_NEWSCREEN,VAR_0
F_ISSET,FUNC_0
F_SET,FUNC_1
SC_SSWITCH,VAR_1
vs_fg,FUNC_2
ex_fg,FUNC_3
sp,VAR_2
cmdp,VAR_3
nsp,VAR_4
newscreen,VAR_5
