GetProcessHeap,FUNC_0
HeapAlloc,FUNC_1
alloc_aligned,FUNC_2
size,VAR_0
buf,VAR_1
