ANSI_CHARSET,VAR_0
CLSCTX_INPROC_SERVER,VAR_1
CLSID_StdFont,VAR_2
CoGetClassObject,FUNC_0
EXPECT_HR,FUNC_1
FALSE,VAR_3
FW_NORMAL,VAR_4
IFont_Release,FUNC_2
IID_IClassFactory,VAR_5
IID_IFont,VAR_6
IID_IUnknown,VAR_7
IUnknown_QueryInterface,FUNC_3
IUnknown_Release,FUNC_4
OleInitialize,FUNC_5
OleUninitialize,FUNC_6
S_OK,VAR_8
arial_font,VAR_9
ok,FUNC_7
pOleCreateFontIndirect,FUNC_8
test_OleCreateFontIndirect,FUNC_9
fontdesc,VAR_10
unk,VAR_11
unk2,VAR_12
font,VAR_13
hr,VAR_14
