I2S_SF_SCLKDIV_1,VAR_0
I2S_SF_SCLKDIV_3,VAR_1
I2S_SF_SCLKDIV_OTHER,FUNC_0
i2s_sf_sclkdiv,FUNC_1
div,VAR_2
out,VAR_3
d,VAR_4
