BUG_ON,FUNC_0
__pfn_to_phys,FUNC_1
pgd_addr_end,FUNC_2
pgd_offset_k,FUNC_3
remap_area_pmd,FUNC_4
remap_area_pages,FUNC_5
start,VAR_0
pfn,VAR_1
size,VAR_2
type,VAR_3
addr,VAR_4
next,VAR_5
end,VAR_6
phys_addr,VAR_7
pgd,VAR_8
err,VAR_9
