CMD_FAILURE,VAR_0
CMD_INVALID,VAR_1
CMD_SUCCESS,VAR_2
EXPECTED_AT_LEAST,VAR_3
arrange_output,FUNC_0
checkarg,FUNC_1
cmd_results_new,FUNC_2
config,VAR_4
output_in_direction,FUNC_3
strcasecmp,FUNC_4
workspace_move_to_output,FUNC_5
cmd_move_workspace,FUNC_6
argc,VAR_5
argv,VAR_6
error,VAR_7
workspace,VAR_8
old_output,VAR_9
center_x,VAR_10
center_y,VAR_11
new_output,VAR_12
