strlen,FUNC_0
compare_set_qsort,FUNC_1
_l,VAR_0
_r,VAR_1
l,VAR_2
r,VAR_3
