is_usb_device,FUNC_0
sysfs_create_group,FUNC_1
usb_bus_attr_group,VAR_0
add_default_authorized_attributes,FUNC_2
dev,VAR_1
rc,VAR_2
