HTHalfMcsToDataRate,FUNC_0
HTMcsToDataRate,FUNC_1
IEEE_A,VAR_0
IEEE_B,VAR_1
IEEE_G,VAR_2
IEEE_N_24G,VAR_3
IEEE_N_5G,VAR_4
stub1,FUNC_2
ieee80211_wx_get_rate,FUNC_3
ieee,VAR_5
info,VAR_6
wrqu,VAR_7
extra,VAR_8
tmp_rate,VAR_9
