HCS_N_PORTS,FUNC_0
HUB_CHAR_INDV_PORT_OCPM,VAR_0
HUB_CHAR_NO_LPSM,VAR_1
USB_DT_HUB,VAR_2
cpu_to_le16,FUNC_1
memset,FUNC_2
fotg210_hub_descriptor,FUNC_3
fotg210,VAR_3
desc,VAR_4
ports,VAR_5
temp,VAR_6
