USBMODE_BE,VAR_0
USBMODE_CM_HC,VAR_1
ehci_big_endian_mmio,FUNC_0
ehci_readl,FUNC_1
ehci_writel,FUNC_2
tdi_reset,FUNC_3
ehci,VAR_2
tmp,VAR_3
