dma_free_writecombine,FUNC_0
pxa2xx_pcm_free_dma_buffers,FUNC_1
pcm,VAR_0
substream,VAR_1
buf,VAR_2
stream,VAR_3
