PyArg_ParseTuple,FUNC_0
PyArray_SwapAxes,FUNC_1
array_swapaxes,FUNC_2
self,VAR_0
args,VAR_1
axis1,VAR_2
axis2,VAR_3
