BT_DBG,FUNC_0
atomic_dec,FUNC_1
bt_sock_unlink,FUNC_2
hci_dev_put,FUNC_3
hci_pi,FUNC_4
hci_sk_list,VAR_0
skb_queue_purge,FUNC_5
sock_orphan,FUNC_6
sock_put,FUNC_7
hci_sock_release,FUNC_8
sock,VAR_1
sk,VAR_2
hdev,VAR_3
