DW_PER_PAGE,VAR_0
ERR_PTR,FUNC_0
IS_ERR,FUNC_1
PAGE_SIZE,VAR_1
STACK_MAGIC,VAR_2
cpu_fill,FUNC_2
file_add_object,FUNC_3
huge_gem_object,FUNC_4
i915_gem_object_put,FUNC_5
i915_retire_requests,FUNC_6
list_add_tail,FUNC_7
min,FUNC_8
pr_err,FUNC_9
round_down,FUNC_10
create_test_object,FUNC_11
ctx,VAR_3
file,VAR_4
objects,VAR_5
obj,VAR_6
vm,VAR_7
size,VAR_8
err,VAR_9
