clear_bit,FUNC_0
hisi_sas_slot_index_clear,FUNC_1
hisi_hba,VAR_0
slot_idx,VAR_1
bitmap,VAR_2
