PHY_PORT_NUM_MA,VAR_0
hisi_sas_read32,FUNC_0
get_wideport_bitmap_v1_hw,FUNC_1
hisi_hba,VAR_1
port_id,VAR_2
i,VAR_3
bitmap,VAR_4
phy_port_num_ma,VAR_5
