mkdir,FUNC_0
Sys_Mkdir,FUNC_1
path,VAR_0
