dl_free,FUNC_0
free_watchcat_query,FUNC_1
get_watchcat_size_d,FUNC_2
watchcats_cnt,VAR_0
watchcats_memory,VAR_1
free_watchcat,FUNC_3
w,VAR_2
mem,VAR_3
