add_entry_time,FUNC_0
del_entry_time,FUNC_1
wkey_fix,FUNC_2
k,VAR_0
timeout,VAR_1
