MAX_LAT,VAR_0
MAX_LON,VAR_1
MIN_LAT,VAR_2
MIN_LON,VAR_3
_,FUNC_0
fprintf,FUNC_1
stderr,VAR_4
location_is_valid,FUNC_2
location,VAR_5
