EOPNOTSUPP,VAR_0
dsa_towards_port,FUNC_0
stub1,FUNC_1
dsa_switch_fdb_del,FUNC_2
ds,VAR_1
info,VAR_2
port,VAR_3
