STDIN_FILENO,VAR_0
eloop_unregister_read_sock,FUNC_0
edit_deinit,FUNC_1
history_file,VAR_1
filter_cb,VAR_2
ctx,VAR_3
cmd,VAR_4
