ENOMEM,VAR_0
ipfw_export_obj_ntlv,FUNC_0
ipfw_get_sopt_space,FUNC_1
export_objhash_ntlv_internal,FUNC_2
ni,VAR_1
no,VAR_2
arg,VAR_3
sd,VAR_4
ntlv,VAR_5
