assert,FUNC_0
sqlite3_free,FUNC_1
testpcacheGlobal,VAR_0
testpcacheShutdown,FUNC_2
pArg,VAR_1
