mtx_trylock_flags_,FUNC_0
sx_try_slock_,FUNC_1
_vm_map_trylock_read,FUNC_2
map,VAR_0
file,VAR_1
line,VAR_2
error,VAR_3
