LOONGSON_GENCFG,VAR_0
mach_prepare_reboot,FUNC_0
