mac_vnode_label_free,FUNC_0
mac_vnode_label_destroy,FUNC_1
vp,VAR_0
