MAC_CHECK,FUNC_0
mac_posixsem_enforce,VAR_0
posixsem_check_unlink,VAR_1
mac_posixsem_check_unlink,FUNC_1
cred,VAR_2
psem,VAR_3
name,VAR_4
error,VAR_5
