SiS_GetReg,FUNC_0
SiS_SetReg,FUNC_1
SiS_SetRegAND,FUNC_2
Port,VAR_0
Index,VAR_1
DataAND,VAR_2
temp,VAR_3
