TVO_VIP_DVO,VAR_0
to_sti_tvout,FUNC_0
tvout_write,FUNC_1
sti_dvo_encoder_disable,FUNC_2
encoder,VAR_1
tvout,VAR_2
