Test_SPI_SETKEYBOARDPREF,FUNC_0
