SVN_DEPTH_INFINITY_OR_EMPTY,FUNC_0
svn_client_revert2,FUNC_1
svn_client_revert,FUNC_2
paths,VAR_0
recursive,VAR_1
ctx,VAR_2
pool,VAR_3
