SVN_DEPTH_INFINITY_OR_EMPTY,FUNC_0
apr_array_make,FUNC_1
proplist_receiver_cb,VAR_0
svn_client_proplist3,FUNC_2
svn_client_proplist2,FUNC_3
props,VAR_1
target,VAR_2
peg_revision,VAR_3
revision,VAR_4
recurse,VAR_5
ctx,VAR_6
pool,VAR_7
pl_baton,VAR_8
