EINVAL,VAR_0
GRPQUOTA,VAR_1
ITOV,FUNC_0
USRQUOTA,VAR_2
VFSTOUFS,FUNC_1
VV_SYSTEM,VAR_3
dqget,FUNC_2
getinoquota,FUNC_3
ip,VAR_4
ump,VAR_5
vp,VAR_6
error,VAR_7
