clear_inode,FUNC_0
truncate_hugepages,FUNC_1
hugetlbfs_delete_inode,FUNC_2
inode,VAR_0
