BTRFS_NR_RAID_TYPES,VAR_0
__btrfs_get_ro_block_group_free_space,FUNC_0
list_empty,FUNC_1
spin_lock,FUNC_2
spin_unlock,FUNC_3
btrfs_account_ro_block_groups_free_space,FUNC_4
sinfo,VAR_1
i,VAR_2
free_bytes,VAR_3
