ERR_NO_ERROR,VAR_0
NO_SUPPORT_FOR_BRIDGE,VAR_1
SERVER_ADMIN_ONLY,VAR_2
Zero,FUNC_0
StGetSpecialListener,FUNC_1
a,VAR_3
t,VAR_4
s,VAR_5
c,VAR_6
ret,VAR_7
