AAS_ClearShownDebugLines,FUNC_0
