assert,FUNC_0
CheckBrushLists,FUNC_1
brushlist1,VAR_0
brushlist2,VAR_1
brush1,VAR_2
brush2,VAR_3
