PMLCA_FCM0,VAR_0
PMLCA_FCM1,VAR_1
get_pmlca,FUNC_0
set_pmlca,FUNC_1
set_pmc_marked,FUNC_2
ctr,VAR_2
mark0,VAR_3
mark1,VAR_4
pmlca,VAR_5
