abx500_pinctrl_ab8505_init,FUNC_0
soc,VAR_0
