BIO_printf,FUNC_0
BIO_puts,FUNC_1
SSL_get0_ec_point_formats,FUNC_2
ssl_print_point_formats,FUNC_3
out,VAR_0
s,VAR_1
i,VAR_2
nformats,VAR_3
pformats,VAR_4
