R_FREE,FUNC_0
free_type_code_str_struct,FUNC_1
type_code_str,VAR_0
