debug2,FUNC_0
fi_init,FUNC_1
free,FUNC_2
fi_exit,FUNC_3
fi,VAR_0
