AUDITDEV_FILENAME,VAR_0
GID_KMEM,VAR_1
UID_ROOT,VAR_2
audit_cdevsw,VAR_3
audit_dev,VAR_4
make_dev,FUNC_0
audit_trigger_cdev_init,FUNC_1
unused,VAR_5
