EV_KEY,VAR_0
EV_REP,VAR_1
HID_UP_CUSTOM,VAR_2
KEY_FN,VAR_3
apple_setup_input,FUNC_0
hid_map_usage_clear,FUNC_1
set_bit,FUNC_2
apple_input_mapping,FUNC_3
hdev,VAR_4
hi,VAR_5
field,VAR_6
usage,VAR_7
bit,VAR_8
max,VAR_9
