ATTR_SIZE,VAR_0
d_inode,FUNC_0
i_size_read,FUNC_1
inode_newsize_ok,FUNC_2
mark_inode_dirty,FUNC_3
minix_truncate,FUNC_4
setattr_copy,FUNC_5
setattr_prepare,FUNC_6
truncate_setsize,FUNC_7
minix_setattr,FUNC_8
dentry,VAR_1
attr,VAR_2
inode,VAR_3
error,VAR_4
