PHP_INI_PERDIR,VAR_0
real_value_hnd,FUNC_0
php_apache_value_handler,FUNC_1
cmd,VAR_1
dummy,VAR_2
name,VAR_3
value,VAR_4
