dma_cookie_status,FUNC_0
imxdma_tx_status,FUNC_1
chan,VAR_0
cookie,VAR_1
txstate,VAR_2
