d40_prep_sg,FUNC_0
is_slave_direction,FUNC_1
d40_prep_slave_sg,FUNC_2
chan,VAR_0
sgl,VAR_1
sg_len,VAR_2
direction,VAR_3
dma_flags,VAR_4
context,VAR_5
