TIMBDMA_IER,VAR_0
TIMBDMA_ISR,VAR_1
__td_finish,FUNC_0
__td_ier_mask,FUNC_1
__td_start_next,FUNC_2
ioread32,FUNC_3
iowrite32,FUNC_4
list_empty,FUNC_5
spin_lock,FUNC_6
spin_unlock,FUNC_7
td_tasklet,FUNC_8
data,VAR_2
td,VAR_3
isr,VAR_4
ipr,VAR_5
ier,VAR_6
i,VAR_7
td_chan,VAR_8
