NBPF_DSTAT_ER,VAR_0
nbpf_read,FUNC_0
nbpf_error_get,FUNC_1
nbpf,VAR_1
