lck_mtx_lock_acquire_inline,FUNC_0
lck_mtx_lock_acquire_x86,FUNC_1
mutex,VAR_0
