EHEA_AERR_RESET_MASK,VAR_0
EHEA_AER_RESET_MASK,VAR_1
EHEA_AER_RESTYPE_QP,VAR_2
EHEA_BMASK_GET,FUNC_0
EHEA_EQE_QP_TOKEN,VAR_3
IRQ_HANDLED,VAR_4
ehea_error,FUNC_1
ehea_error_data,FUNC_2
ehea_poll_eq,FUNC_3
ehea_schedule_port_reset,FUNC_4
ehea_qp_aff_irq_handler,FUNC_5
irq,VAR_5
param,VAR_6
port,VAR_7
eqe,VAR_8
qp,VAR_9
qp_token,VAR_10
resource_type,VAR_11
aer,VAR_12
aerr,VAR_13
reset_port,VAR_14
