BUILD_BUG_ON,FUNC_0
EFX_POPULATE_OWORD_2,FUNC_1
FRF_CZ_RX_RSS_IPV6_IP_THASH_ENABLE,VAR_0
FRF_CZ_RX_RSS_IPV6_THASH_ENABLE,VAR_1
FRF_CZ_RX_RSS_IPV6_TKEY_HI_LBN,VAR_2
FRF_CZ_RX_RSS_IPV6_TKEY_HI_WIDTH,VAR_3
FR_BZ_RX_RSS_TKEY,VAR_4
FR_CZ_RX_RSS_IPV6_REG1,VAR_5
FR_CZ_RX_RSS_IPV6_REG2,VAR_6
FR_CZ_RX_RSS_IPV6_REG3,VAR_7
efx_farch_rx_push_indir_table,FUNC_2
efx_writeo,FUNC_3
memcpy,FUNC_4
siena_rx_push_rss_config,FUNC_5
efx,VAR_8
user,VAR_9
rx_indir_table,VAR_10
key,VAR_11
temp,VAR_12
