cpu_to_le32,FUNC_0
lower_32_bits,FUNC_1
rs400_gart_set_page,FUNC_2
rdev,VAR_0
i,VAR_1
entry,VAR_2
gtt,VAR_3
