MAXPLAYERS,VAR_0
NUMANIMS,VAR_1
NUMCMAPS,VAR_2
NUMMAPS,VAR_3
PU_CACHE,VAR_4
Z_ChangeTag,FUNC_0
Z_Free,FUNC_1
anims,VAR_5
bp,VAR_6
colon,VAR_7
commercial,VAR_8
entering,VAR_9
finished,VAR_10
frags,VAR_11
gamemode,VAR_12
items,VAR_13
killers,VAR_14
kills,VAR_15
lnames,VAR_16
num,VAR_17
p,VAR_18
par,VAR_19
percent,VAR_20
secret,VAR_21
sp_secret,VAR_22
splat,VAR_23
sucks,VAR_24
time,VAR_25
total,VAR_26
victims,VAR_27
wbs,VAR_28
wiminus,VAR_29
yah,VAR_30
WI_unloadData,FUNC_2
i,VAR_31
j,VAR_32
