FINEANGLES,VAR_0
FRACUNIT,VAR_1
PI,VAR_2
finesine,VAR_3
finetangent,VAR_4
sin,FUNC_0
tan,FUNC_1
R_InitTables,FUNC_2
