Com_DPrintf,FUNC_0
GR_OPT_END,VAR_0
GR_STATUS_PENDING,VAR_1
GRankCleanupAsync,FUNC_1
GRankJoinGameAsync,FUNC_2
QGR_STATUS_BAD_PASSWORD,VAR_2
QGR_STATUS_ERROR,VAR_3
QGR_STATUS_NEW,VAR_4
QGR_STATUS_NO_USER,VAR_5
QGR_STATUS_TIMEOUT,VAR_6
SV_RankCleanupCBF,VAR_7
SV_RankCloseContext,FUNC_3
SV_RankError,FUNC_4
SV_RankJoinGameCBF,VAR_8
SV_RankStatusString,FUNC_5
assert,FUNC_6
s_rankings_game_id,VAR_9
SV_RankUserCBF,FUNC_7
gr_login,VAR_10
cbf_arg,VAR_11
ranked_player,VAR_12
join_status,VAR_13
cleanup_status,VAR_14
