indirect_check_left,FUNC_0
indirect_check_right,FUNC_1
vi,VAR_0
free,VAR_1
