EINVAL,VAR_0
STR_IN_SET,FUNC_0
SYNTHETIC_ERRNO,FUNC_1
assert_not_reached,FUNC_2
do_mount,FUNC_3
do_umount,FUNC_4
log_error_errno,FUNC_5
log_open,FUNC_6
log_parse_environment,FUNC_7
mac_selinux_init,FUNC_8
streq,FUNC_9
umask,FUNC_10
run,FUNC_11
argc,VAR_1
argv,VAR_2
r,VAR_3
