g_string_append_c,FUNC_0
g_string_append_printf,FUNC_1
append_key,FUNC_2
key,VAR_0
value,VAR_1
str,VAR_2
sum,VAR_3
i,VAR_4
