g_queue_new,FUNC_0
network_injection_queue_new,FUNC_1
