vie_advance,FUNC_0
vie_peek,FUNC_1
xhyve_abort,FUNC_2
decode_displacement,FUNC_3
vie,VAR_0
n,VAR_1
i,VAR_2
x,VAR_3
u,VAR_4
