ENOMEM,VAR_0
FIELD_PREP,FUNC_0
GFP_KERNEL,VAR_1
STRTAB_BASE_CFG_FMT,VAR_2
STRTAB_BASE_CFG_FMT_2LVL,VAR_3
STRTAB_BASE_CFG_LOG2SIZE,VAR_4
STRTAB_BASE_CFG_SPLIT,VAR_5
STRTAB_L1_DESC_DWORDS,VAR_6
STRTAB_L1_SZ_SHIFT,VAR_7
STRTAB_SPLIT,VAR_8
__GFP_ZERO,VAR_9
arm_smmu_init_l1_strtab,FUNC_1
dev_err,FUNC_2
dev_warn,FUNC_3
dmam_alloc_coherent,FUNC_4
ilog2,FUNC_5
min,FUNC_6
arm_smmu_init_strtab_2lvl,FUNC_7
smmu,VAR_10
strtab,VAR_11
reg,VAR_12
size,VAR_13
l1size,VAR_14
cfg,VAR_15
