EINTR,VAR_0
errno,VAR_1
tcgetattr,FUNC_0
gettty,FUNC_1
t,VAR_2
ret,VAR_3
