asprintf,FUNC_0
free,FUNC_1
input_GetItem,FUNC_2
input_item_GetArtist,FUNC_3
input_item_GetName,FUNC_4
input_item_GetNowPlayingFb,FUNC_5
input_item_GetTitle,FUNC_6
vout_DisplayTitle,FUNC_7
DisplayVoutTitle,FUNC_8
p_resource,VAR_0
p_vout,VAR_1
p_item,VAR_2
psz_nowplaying,VAR_3
psz_artist,VAR_4
psz_name,VAR_5
psz_string,VAR_6
