ENXIO,VAR_0
route_transfer,VAR_1
snd_BUG_ON,FUNC_0
snd_pcm_plugin_build,FUNC_1
snd_pcm_plugin_build_route,FUNC_2
plug,VAR_2
src_format,VAR_3
dst_format,VAR_4
r_plugin,VAR_5
plugin,VAR_6
err,VAR_7
