EPIPE,VAR_0
ESTRPIPE,VAR_1
SNDRV_PCM_IOCTL_DRAIN,VAR_2
SNDRV_PCM_IOCTL_DROP,VAR_3
SNDRV_PCM_STATE_DRAINING,VAR_4
SNDRV_PCM_STATE_SETUP,VAR_5
SNDRV_PCM_STATE_SUSPENDED,VAR_6
SNDRV_PCM_STATE_XRUN,VAR_7
__snd_pcm_lib_xfer,FUNC_0
pcm_dbg,FUNC_1
snd_pcm_kernel_ioctl,FUNC_2
snd_pcm_oss_capture_position_fixup,FUNC_3
snd_pcm_oss_prepare,FUNC_4
snd_pcm_oss_read3,FUNC_5
substream,VAR_8
ptr,VAR_9
frames,VAR_10
in_kernel,VAR_11
runtime,VAR_12
delay,VAR_13
ret,VAR_14
