Assert,FUNC_0
DisplayXidCache,FUNC_1
LOG,VAR_0
LWLockAcquire,FUNC_2
LWLockRelease,FUNC_3
LW_EXCLUSIVE,VAR_1
ProcArrayLock,VAR_2
ShmemVariableCache,VAR_3
TransactionIdIsValid,FUNC_4
TransactionIdPrecedes,FUNC_5
allPgXact,VAR_4
elog,FUNC_6
memmove,FUNC_7
procArray,VAR_5
ProcArrayRemove,FUNC_8
proc,VAR_6
latestXid,VAR_7
arrayP,VAR_8
index,VAR_9
