stub1,FUNC_0
tty_standard_install,FUNC_1
tty_driver_install_tty,FUNC_2
driver,VAR_0
tty,VAR_1
