KEMPLD_FEATURE_BIT_GPIO,VAR_0
KEMPLD_FEATURE_BIT_I2C,VAR_1
KEMPLD_FEATURE_BIT_WATCHDOG,VAR_2
KEMPLD_FEATURE_MASK_UART,VAR_3
KEMPLD_GPIO,VAR_4
KEMPLD_I2C,VAR_5
KEMPLD_MAX_DEVS,VAR_6
KEMPLD_UART,VAR_7
KEMPLD_WDT,VAR_8
kempld_devs,VAR_9
mfd_add_devices,FUNC_0
kempld_register_cells_generic,FUNC_1
pld,VAR_10
devs,VAR_11
i,VAR_12
