EV_REL,VAR_0
REL_HWHEEL,VAR_1
REL_HWHEEL_HI_RES,VAR_2
REL_WHEEL,VAR_3
REL_WHEEL_HI_RES,VAR_4
__set_bit,FUNC_0
hidpp10_wheel_populate_input,FUNC_1
hidpp,VAR_5
input_dev,VAR_6
