CP2112_DATA_WRITE_READ_REQUEST,VAR_0
EINVAL,VAR_1
cpu_to_be16,FUNC_0
memcpy,FUNC_1
cp2112_write_read_req,FUNC_2
buf,VAR_2
slave_address,VAR_3
length,VAR_4
command,VAR_5
data,VAR_6
data_length,VAR_7
report,VAR_8
