__bread_slow,FUNC_0
__getblk_gfp,FUNC_1
buffer_uptodate,FUNC_2
likely,FUNC_3
__bread_gfp,FUNC_4
bdev,VAR_0
block,VAR_1
size,VAR_2
gfp,VAR_3
bh,VAR_4
