d_inode,FUNC_0
dynamic_dname,FUNC_1
pipefs_dname,FUNC_2
dentry,VAR_0
buffer,VAR_1
buflen,VAR_2
