width,FUNC_0
s,VAR_0
os,VAR_1
i,VAR_2
