nouveau_dev,FUNC_0
nv_wr32,FUNC_1
mclk_precharge,FUNC_2
exec,VAR_0
device,VAR_1
