IntGetProcAddress,FUNC_0
_funcptr_glBufferParameteriAPPLE,VAR_0
_funcptr_glFlushMappedBufferRangeAPPLE,VAR_1
LoadExt_APPLE_flush_buffer_range,FUNC_1
numFailed,VAR_2
