DDR_QOSCE_MASK,VAR_0
DDR_QOSUE_MASK,VAR_1
DDR_QOS_IRQ_DB_OFST,VAR_2
writel,FUNC_0
disable_intr,FUNC_1
priv,VAR_3
