ARRAY_SIZE,FUNC_0
HZ,VAR_0
atomic_read,FUNC_1
kthread_should_stop,FUNC_2
process_qs,FUNC_3
process_softint,FUNC_4
qs_have_work,FUNC_5
wait_event_timeout,FUNC_6
qthread_fn,FUNC_7
data,VAR_1
cd,VAR_2
qs,VAR_3
nqs,VAR_4
ind_ab,VAR_5
