bytes_to_frames,FUNC_0
get_ichdev,FUNC_1
igetword,FUNC_2
snd_pcm_substream_chip,FUNC_3
snd_intel8x0m_pcm_pointer,FUNC_4
substream,VAR_0
chip,VAR_1
ichdev,VAR_2
ptr1,VAR_3
ptr,VAR_4
