snd_kcontrol_chip,FUNC_0
snd_rme32_convert_to_aes,FUNC_1
snd_rme32_control_spdif_stream_get,FUNC_2
kcontrol,VAR_0
ucontrol,VAR_1
rme32,VAR_2
