ESM_PORT_HOST_IRQ,VAR_0
cancel_work_sync,FUNC_0
free_irq,FUNC_1
input_unregister_device,FUNC_2
kfree,FUNC_3
outw,FUNC_4
pci_disable_device,FUNC_5
pci_release_regions,FUNC_6
snd_es1968_free_gameport,FUNC_7
snd_tea575x_exit,FUNC_8
synchronize_irq,FUNC_9
v4l2_device_unregister,FUNC_10
snd_es1968_free,FUNC_11
chip,VAR_1
