R592_REG_MSC,VAR_0
R592_REG_MSC_IRQ_INSERT,VAR_1
R592_REG_MSC_IRQ_REMOVE,VAR_2
R592_REG_MSC_PRSNT,VAR_3
dbg,FUNC_0
r592_read_reg,FUNC_1
r592_write_reg,FUNC_2
r592_update_card_detect,FUNC_3
dev,VAR_4
reg,VAR_5
card_detected,VAR_6
