I2400M_PLD_TYPE_MASK,VAR_0
I2400M_PLD_TYPE_SHIFT,VAR_1
le32_to_cpu,FUNC_0
i2400m_pld_type,FUNC_1
pld,VAR_2
