ngx_http_time,FUNC_0
ngx_http_lua_ffi_http_time,FUNC_1
buf,VAR_0
t,VAR_1
