BIO_free_all,FUNC_0
BIO_new_file,FUNC_1
BIO_printf,FUNC_2
ERR_print_errors,FUNC_3
FORMAT_ASN1,VAR_0
FORMAT_TEXT,VAR_1
TS_RESP_free,FUNC_4
TS_RESP_get_token,FUNC_5
TS_RESP_get_tst_info,FUNC_6
TS_RESP_print_bio,FUNC_7
TS_TST_INFO_print_bio,FUNC_8
bio_err,VAR_2
bio_open_default,FUNC_9
create_response,FUNC_10
d2i_TS_RESP_bio,FUNC_11
i2d_PKCS7_bio,FUNC_12
i2d_TS_RESP_bio,FUNC_13
read_PKCS7,FUNC_14
reply_command,FUNC_15
conf,VAR_3
section,VAR_4
engine,VAR_5
queryfile,VAR_6
passin,VAR_7
inkey,VAR_8
md,VAR_9
signer,VAR_10
chain,VAR_11
policy,VAR_12
in,VAR_13
token_in,VAR_14
out,VAR_15
token_out,VAR_16
text,VAR_17
ret,VAR_18
response,VAR_19
in_bio,VAR_20
query_bio,VAR_21
inkey_bio,VAR_22
signer_bio,VAR_23
out_bio,VAR_24
tst_info,VAR_25
token,VAR_26
