ARRAY_SIZE,FUNC_0
ENODEV,VAR_0
SNDRV_DEFAULT_IDX1,VAR_1
SNDRV_DEFAULT_STR1,VAR_2
dev_err,FUNC_1
mutex_init,FUNC_2
platform_get_drvdata,FUNC_3
snd_soc_add_controls,FUNC_4
snd_soc_dapm_free,FUNC_5
snd_soc_free_pcms,FUNC_6
snd_soc_init_card,FUNC_7
snd_soc_new_pcms,FUNC_8
wm8940_add_widgets,FUNC_9
wm8940_codec,VAR_3
wm8940_snd_controls,VAR_4
wm8940_probe,FUNC_10
pdev,VAR_5
socdev,VAR_6
codec,VAR_7
ret,VAR_8
