EINVAL,VAR_0
WM8753_CLOCK,VAR_1
wm8753_pcm_set_dai_fmt,FUNC_0
wm8753_read_reg_cache,FUNC_1
wm8753_vdac_adc_set_dai_fmt,FUNC_2
wm8753_write,FUNC_3
wm8753_mode1v_set_dai_fmt,FUNC_4
codec_dai,VAR_2
fmt,VAR_3
codec,VAR_4
clock,VAR_5
