spectral_max_magnitude,FUNC_0
bins,VAR_0
