kgdb_new_objfile_chain,FUNC_0
kgdb_trgt_new_objfile,FUNC_1
kld_new_objfile,FUNC_2
push_remote_target,FUNC_3
remote,VAR_0
symfile_objfile,VAR_1
kgdb_new_objfile,FUNC_4
objfile,VAR_2
once,VAR_3
