int_sqrt,FUNC_0
slow_is_prime_number,FUNC_1
x,VAR_0
y,VAR_1
