COMMENT_TYPES_MASK,VAR_0
GROUP_TYPES_MASK,VAR_1
NOTIFY_TYPES_MASK,VAR_2
RECOMMEND_TYPES_MASK,VAR_3
USER_TYPES_MASK,VAR_4
allowed_types_mask,VAR_5
assert,FUNC_0
log_split_max,VAR_6
log_split_min,VAR_7
log_split_mod,VAR_8
ug_mode,VAR_9
news_le_start,FUNC_1
E,VAR_10
