D_RADIO,FUNC_0
IL_DL_RADIO,VAR_0
IL_RX_FRAME_SIZE_MSK,VAR_1
il_get_cmd_string,FUNC_1
il_print_hex_dump,FUNC_2
le32_to_cpu,FUNC_3
rxb_addr,FUNC_4
il_hdl_pm_debug_stats,FUNC_5
il,VAR_2
rxb,VAR_3
pkt,VAR_4
len,VAR_5
