NGX_AGAIN,VAR_0
NGX_ERROR,VAR_1
NGX_HTTP_INTERNAL_SERVER_ERROR,VAR_2
NGX_HTTP_TFS_ACTION_READ_FILE,VAR_3
NGX_HTTP_TFS_STATE_READ_READ_DATA,VAR_4
NGX_LOG_DEBUG_HTTP,VAR_5
NGX_LOG_ERR,VAR_6
NGX_OK,VAR_7
ngx_handle_read_event,FUNC_0
ngx_http_tfs_finalize_request,FUNC_1
ngx_http_tfs_finalize_state,FUNC_2
ngx_http_tfs_send_response,FUNC_3
ngx_log_debug1,FUNC_4
ngx_log_error,FUNC_5
stub1,FUNC_6
ngx_http_tfs_process_buf_overflow,FUNC_7
r,VAR_8
t,VAR_9
rc,VAR_10
