der_get_oid,VAR_0
generic_decode_fail,FUNC_0
check_fail_oid,FUNC_1
tests,VAR_1
ntests,VAR_2
