EINVAL,VAR_0
HCLGE_SCH_MODE_DWRR,VAR_1
HCLGE_SCH_MODE_SP,VAR_2
HNAE3_MAX_TC,VAR_3
hclge_tm_prio_tc_info_update,FUNC_0
hclge_ieee_ets_to_tm_info,FUNC_1
hdev,VAR_4
ets,VAR_5
i,VAR_6
