force_rgb,VAR_0
parport_read_data,FUNC_0
parport_read_status,FUNC_1
qcam_await_ready1,FUNC_2
qcam_await_ready2,FUNC_3
qcam_set_ack,FUNC_4
qcam_read_bytes,FUNC_5
q,VAR_1
buf,VAR_2
nbytes,VAR_3
bytes,VAR_4
lo1,VAR_5
hi1,VAR_6
lo2,VAR_7
hi2,VAR_8
r,VAR_9
g,VAR_10
b,VAR_11
i,VAR_12
n,VAR_13
rgb,VAR_14
hi,VAR_15
lo,VAR_16
