EGL_ALPHA_SIZE,VAR_0
EGL_BLUE_SIZE,VAR_1
EGL_CONTEXT_CLIENT_VERSION,VAR_2
EGL_DEPTH_SIZE,VAR_3
EGL_GREEN_SIZE,VAR_4
EGL_NONE,VAR_5
EGL_OPENGL_ES_BIT,VAR_6
EGL_RED_SIZE,VAR_7
EGL_RENDERABLE_TYPE,VAR_8
GLCHK,FUNC_0
GL_TEXTURE_EXTERNAL_OES,VAR_9
glEnable,FUNC_1
raspitexutil_create_textures,FUNC_2
raspitexutil_gl_common,FUNC_3
raspitexutil_gl_init_1_0,FUNC_4
raspitex_state,VAR_10
rc,VAR_11
attribs,VAR_12
default_attribs,VAR_13
context_attribs,VAR_14
