NFP_NET_MAX_RX_RINGS,VAR_0
__nfp_abm_ctrl_set_q_act,FUNC_0
nfp_abm_ctrl_set_q_act,FUNC_1
alink,VAR_1
band,VAR_2
queue,VAR_3
act,VAR_4
qid,VAR_5
