SDL_DestroyRenderer,FUNC_0
SDL_DestroyTexture,FUNC_1
SDL_DestroyWindow,FUNC_2
screen_destroy,FUNC_3
screen,VAR_0
