BD_ADDR_LEN,VAR_0
BLE_CONN_CANCEL,VAR_1
BLE_CONN_IDLE,VAR_2
BTM_ACL_IS_CONNECTED,FUNC_0
BT_TRANSPORT_LE,VAR_3
FALSE,VAR_4
HCI_ROLE_SLAVE,VAR_5
L2CAP_CONN_CANCEL,VAR_6
L2CAP_TRACE_WARNING,FUNC_1
TRUE,VAR_7
btm_ble_get_conn_st,FUNC_2
btm_ble_set_conn_st,FUNC_3
btsnd_hcic_ble_create_conn_cancel,FUNC_4
l2cb,VAR_8
l2cu_find_lcb_by_bd_addr,FUNC_5
l2cu_release_lcb,FUNC_6
memcmp,FUNC_7
L2CA_CancelBleConnectReq,FUNC_8
rem_bda,VAR_9
p_lcb,VAR_10
