ME_AddRefStyle,FUNC_0
ME_ReleaseStyle,FUNC_1
ME_SaveTempStyle,FUNC_2
editor,VAR_0
style,VAR_1
old_style,VAR_2
