context_init,FUNC_0
load_gpu,FUNC_1
msm_open,FUNC_2
dev,VAR_0
file,VAR_1
