b43_radio_read16,FUNC_0
b43_radio_write16,FUNC_1
b43_radio_maskset,FUNC_2
dev,VAR_0
offset,VAR_1
mask,VAR_2
set,VAR_3
