SVGA_IRQFLAG_ANY_FENCE,VAR_0
vmw_generic_waiter_remove,FUNC_0
vmw_seqno_waiter_remove,FUNC_1
dev_priv,VAR_1
