ion_dma_buf_kunmap,FUNC_0
dmabuf,VAR_0
offset,VAR_1
ptr,VAR_2
