TB_CFG_SWITCH,VAR_0
tb_sw_read,FUNC_0
tb_sw_write,FUNC_1
tb_plug_events_active,FUNC_2
sw,VAR_1
active,VAR_2
data,VAR_3
res,VAR_4
