BN_asc2bn,FUNC_0
BN_free,FUNC_1
EVP_PKEY_CTRL_MD,VAR_0
EVP_PKEY_CTRL_RSA_MGF1_MD,VAR_1
EVP_PKEY_CTRL_RSA_OAEP_MD,VAR_2
EVP_PKEY_CTX_md,FUNC_2
EVP_PKEY_CTX_set0_rsa_oaep_label,FUNC_3
EVP_PKEY_CTX_set_rsa_keygen_bits,FUNC_4
EVP_PKEY_CTX_set_rsa_keygen_primes,FUNC_5
EVP_PKEY_CTX_set_rsa_keygen_pubexp,FUNC_6
EVP_PKEY_CTX_set_rsa_padding,FUNC_7
EVP_PKEY_CTX_set_rsa_pss_keygen_saltlen,FUNC_8
EVP_PKEY_CTX_set_rsa_pss_saltlen,FUNC_9
EVP_PKEY_OP_KEYGEN,VAR_3
EVP_PKEY_OP_TYPE_CRYPT,VAR_4
EVP_PKEY_OP_TYPE_SIG,VAR_5
OPENSSL_free,FUNC_10
OPENSSL_hexstr2buf,FUNC_11
RSA_F_PKEY_RSA_CTRL_STR,VAR_6
RSA_NO_PADDING,VAR_7
RSA_PKCS1_OAEP_PADDING,VAR_8
RSA_PKCS1_PADDING,VAR_9
RSA_PKCS1_PSS_PADDING,VAR_10
RSA_PSS_SALTLEN_AUTO,VAR_11
RSA_PSS_SALTLEN_DIGEST,VAR_12
RSA_PSS_SALTLEN_MAX,VAR_13
RSA_R_UNKNOWN_PADDING_TYPE,VAR_14
RSA_R_VALUE_MISSING,VAR_15
RSA_SSLV23_PADDING,VAR_16
RSA_X931_PADDING,VAR_17
RSAerr,FUNC_12
atoi,FUNC_13
pkey_ctx_is_pss,FUNC_14
strcmp,FUNC_15
pkey_rsa_ctrl_str,FUNC_16
ctx,VAR_18
type,VAR_19
value,VAR_20
pm,VAR_21
saltlen,VAR_22
nbits,VAR_23
ret,VAR_24
pubexp,VAR_25
nprimes,VAR_26
saltlen,VAR_27
lab,VAR_28
lablen,VAR_29
ret,VAR_30
