ALWAYS,FUNC_0
CORRUPT_DB,VAR_0
NB,VAR_1
SQLITE_CORRUPT_BKPT,VAR_2
assert,FUNC_1
cachedCellSize,FUNC_2
memmove,FUNC_3
pageFindSlot,FUNC_4
put2byte,FUNC_5
pageInsertArray,FUNC_6
pPg,VAR_3
pBegin,VAR_4
ppData,VAR_5
pCellptr,VAR_6
iFirst,VAR_7
nCell,VAR_8
pCArray,VAR_9
i,VAR_10
aData,VAR_11
pData,VAR_12
iEnd,VAR_13
k,VAR_14
pEnd,VAR_15
sz,VAR_16
rc,VAR_17
pSlot,VAR_18
