NUM_ACCENTCHARS,VAR_0
NUM_DEADKEYS,VAR_1
acc_names,VAR_2
isascii,FUNC_0
isprint,FUNC_1
printf,FUNC_2
dump_accent_definition,FUNC_3
name,VAR_3
accentmap,VAR_4
i,VAR_5
j,VAR_6
c,VAR_7
