EINTR,VAR_0
OSTRACE,FUNC_0
SEEK_SET,VAR_1
SimulateIOError,FUNC_1
TIMER_ELAPSED,VAR_2
TIMER_END,VAR_3
TIMER_START,VAR_4
assert,FUNC_2
errno,VAR_5
lseek,FUNC_3
osPwrite,FUNC_4
osPwrite64,FUNC_5
osWrite,FUNC_6
seekAndWriteFd,FUNC_7
fd,VAR_6
iOff,VAR_7
pBuf,VAR_8
nBuf,VAR_9
piErrno,VAR_10
rc,VAR_11
iSeek,VAR_12
