ioread32,FUNC_0
pcie_base,VAR_0
pcie_r32,FUNC_1
reg,VAR_1
