_C_name,VAR_0
_Locale_messages_default,FUNC_0
buf,VAR_1
