mutex_is_locked,FUNC_0
mddev_is_locked,FUNC_1
mddev,VAR_0
