cache_next_use,VAR_0
cache_prev_use,VAR_1
del_cache_use,FUNC_0
n,VAR_2
