RDS_MSG_ACK_REQUIRED,VAR_0
RDS_MSG_ON_CONN,VAR_1
RDS_MSG_ON_SOCK,VAR_2
__set_bit,FUNC_0
be32_to_cpu,FUNC_1
be64_to_cpu,FUNC_2
cpu_to_be64,FUNC_3
list_add_tail,FUNC_4
rds_message_addref,FUNC_5
rds_message_populate_header,FUNC_6
rds_sk_sndbuf,FUNC_7
rdsdebug,FUNC_8
set_bit,FUNC_9
spin_lock,FUNC_10
spin_lock_irqsave,FUNC_11
spin_unlock,FUNC_12
spin_unlock_irqrestore,FUNC_13
rds_send_queue_rm,FUNC_14
rs,VAR_3
conn,VAR_4
rm,VAR_5
sport,VAR_6
dport,VAR_7
queued,VAR_8
flags,VAR_9
len,VAR_10
