EIO,VAR_0
stv0680_handle_error,FUNC_0
stv0680_set_video_mode,FUNC_1
stv_sndctrl,FUNC_2
sd_start,FUNC_3
gspca_dev,VAR_1
ret,VAR_2
sd,VAR_3
