stub1,FUNC_0
swconfig_reset_switch,FUNC_1
dev,VAR_0
attr,VAR_1
val,VAR_2
