EINVAL,VAR_0
RTL8366RB_FIDMAX,VAR_1
RTL8366RB_NUM_VIDS,VAR_2
RTL8366RB_TABLE_ACCESS_CTRL_REG,VAR_3
RTL8366RB_TABLE_VLAN_WRITE_CTRL,VAR_4
RTL8366RB_VLAN_FID_MASK,VAR_5
RTL8366RB_VLAN_MEMBER_MASK,VAR_6
RTL8366RB_VLAN_TABLE_WRITE_BASE,VAR_7
RTL8366RB_VLAN_UNTAG_MASK,VAR_8
RTL8366RB_VLAN_UNTAG_SHIFT,VAR_9
RTL8366RB_VLAN_VID_MASK,VAR_10
rtl8366_smi_write_reg,FUNC_0
rtl8366rb_set_vlan_4k,FUNC_1
smi,VAR_11
vlan4k,VAR_12
data,VAR_13
err,VAR_14
i,VAR_15
