ENOMEM,VAR_0
GFP_ATOMIC,VAR_1
INIT_WORK,FUNC_0
interrupt_event_handler,VAR_2
kmalloc,FUNC_1
schedule_work,FUNC_2
queue_interrupt_event,FUNC_3
p_slot,VAR_3
event_type,VAR_4
info,VAR_5
