OPA_16B_PKEY_MASK,VAR_0
OPA_16B_PKEY_SHIFT,VAR_1
hfi1_16B_get_pkey,FUNC_0
hdr,VAR_2
