bfree,FUNC_0
da_free,FUNC_1
effect_pass_free,FUNC_2
effect_technique_free,FUNC_3
t,VAR_0
i,VAR_1
