H2C_SUCCESS,VAR_0
RT_TRACE,FUNC_0
WIFI_AP_STATE,VAR_1
_FW_UNDER_LINKING,VAR_2
_cancel_timer,FUNC_1
_clr_fwstate_,FUNC_2
_drv_err_,VAR_3
_module_rtl871x_cmd_c_,VAR_4
_set_timer,FUNC_3
check_fwstate,FUNC_4
get_wlan_bssid_ex_sz,FUNC_5
jiffies,VAR_5
list_add_tail,FUNC_6
memcpy,FUNC_7
rtw_alloc_network,FUNC_8
rtw_alloc_stainfo,FUNC_9
rtw_free_cmd_obj,FUNC_10
rtw_get_oldest_wlan_network,FUNC_11
rtw_get_stainfo,FUNC_12
rtw_indicate_connect,FUNC_13
spin_lock_bh,FUNC_14
spin_unlock_bh,FUNC_15
rtw_createbss_cmd_callback,FUNC_16
padapter,VAR_6
pcmd,VAR_7
timer_cancelled,VAR_8
psta,VAR_9
pwlan,VAR_10
pmlmepriv,VAR_11
pnetwork,VAR_12
tgt_network,VAR_13
