ENOMEM,VAR_0
GFP_KERNEL,VAR_1
PCIE_HDP_TX_HOST_Q_BASE_H,FUNC_0
PCIE_HDP_TX_HOST_Q_BASE_L,FUNC_1
PCIE_HDP_TX_HOST_Q_SZ_CTRL,FUNC_2
QTN_HOST_HI32,FUNC_3
QTN_HOST_LO32,FUNC_4
dmam_alloc_coherent,FUNC_5
memset,FUNC_6
pr_debug,FUNC_7
writel,FUNC_8
pearl_alloc_bd_table,FUNC_9
ps,VAR_2
priv,VAR_3
paddr,VAR_4
vaddr,VAR_5
len,VAR_6
