QLCNIC_ADAPTER_UP_MAGIC,VAR_0
dev_err,FUNC_0
qlcnic_alloc_hw_resources,FUNC_1
qlcnic_alloc_sw_resources,FUNC_2
qlcnic_create_sysfs_entries,FUNC_3
qlcnic_encap_rx_offload,FUNC_4
qlcnic_free_hw_resources,FUNC_5
qlcnic_free_sw_resources,FUNC_6
qlcnic_napi_add,FUNC_7
qlcnic_napi_del,FUNC_8
qlcnic_request_irq,FUNC_9
udp_tunnel_get_rx_info,FUNC_10
qlcnic_attach,FUNC_11
adapter,VAR_1
netdev,VAR_2
pdev,VAR_3
err,VAR_4
