QLC_DCB_GET_MAP,FUNC_0
QLC_DCB_MAX_TC,VAR_0
qlcnic_dcb_prio_count,FUNC_1
up_tc_map,VAR_1
j,VAR_2
