abAppend,FUNC_0
abFree,FUNC_1
abInit,FUNC_2
lndebug,FUNC_3
refreshShowHints,FUNC_4
snprintf,FUNC_5
strlen,FUNC_6
write,FUNC_7
refreshMultiLine,FUNC_8
l,VAR_0
seq,VAR_1
plen,VAR_2
rows,VAR_3
rpos,VAR_4
rpos2,VAR_5
col,VAR_6
old_rows,VAR_7
fd,VAR_8
j,VAR_9
ab,VAR_10
