decode_rl_address,FUNC_0
fetch_decode_modrm,FUNC_1
x86emuOp_esc_coprocess_db,FUNC_2
emu,VAR_0
