ctl_clear_bit,FUNC_0
irq_subclass_lock,VAR_0
irq_subclass_refcount,VAR_1
spin_lock,FUNC_1
spin_unlock,FUNC_2
irq_subclass_unregister,FUNC_3
subclass,VAR_2
