EINVAL,VAR_0
HCI_INIT_TIMEOUT,VAR_1
IS_ERR,FUNC_0
PTR_ERR,FUNC_1
__hci_cmd_sync,FUNC_2
cpu_to_le16,FUNC_3
kfree_skb,FUNC_4
memcpy,FUNC_5
ath_vendor_cmd,FUNC_6
hdev,VAR_2
opcode,VAR_3
index,VAR_4
data,VAR_5
dlen,VAR_6
skb,VAR_7
cmd,VAR_8
