BT_DBG,FUNC_0
EILSEQ,VAR_0
hci_get_drvdata,FUNC_1
hci_skb_pkt_type,FUNC_2
schedule_work,FUNC_3
skb_queue_tail,FUNC_4
btsdio_send_frame,FUNC_5
hdev,VAR_1
skb,VAR_2
data,VAR_3
