PIC_EOI,FUNC_0
PIC_MASK,FUNC_1
powerpc_intr_pre_ithread,FUNC_2
arg,VAR_0
i,VAR_1
