RANGE_BEG,FUNC_0
RANGE_END,FUNC_1
RANGE_EXCL,FUNC_2
mrb_equal,FUNC_3
mrb_false_value,FUNC_4
mrb_get_args,FUNC_5
mrb_obj_class,FUNC_6
mrb_obj_equal,FUNC_7
mrb_obj_is_instance_of,FUNC_8
mrb_range_ptr,FUNC_9
mrb_true_value,FUNC_10
range_eq,FUNC_11
mrb,VAR_0
range,VAR_1
rr,VAR_2
ro,VAR_3
obj,VAR_4
v1,VAR_5
v2,VAR_6
