ccv_ferns_predict,FUNC_0
ferns,VAR_0
fern,VAR_1
votes,VAR_2
i,VAR_3
post,VAR_4
