SNDRV_PCM_STREAM_PLAYBACK,VAR_0
kirkwood_i2s_play_trigger,FUNC_0
kirkwood_i2s_rec_trigger,FUNC_1
kirkwood_i2s_trigger,FUNC_2
substream,VAR_1
cmd,VAR_2
dai,VAR_3
