dev_err,FUNC_0
hclgevf_clear_event_cause,FUNC_1
hclgevf_enable_vector,FUNC_2
hclgevf_get_misc_vector,FUNC_3
hclgevf_misc_irq_handle,VAR_0
request_irq,FUNC_4
hclgevf_misc_irq_init,FUNC_5
hdev,VAR_1
ret,VAR_2
