memcpy,FUNC_0
on_request_path,FUNC_1
request,VAR_0
at,VAR_1
length,VAR_2
request_extras,VAR_3
