mz_stream_wzaes_vtbl,VAR_0
mz_stream_wzaes_get_interface,FUNC_0
