BN_CTX_end,FUNC_0
BN_CTX_free,FUNC_1
BN_CTX_get,FUNC_2
BN_CTX_secure_new,FUNC_3
BN_CTX_start,FUNC_4
BN_is_zero,FUNC_5
BN_mod_exp_mont,FUNC_6
BN_set_word,FUNC_7
BN_sub,FUNC_8
EC_F_EC_GFP_MONT_FIELD_INV,VAR_0
EC_R_CANNOT_INVERT,VAR_1
ECerr,FUNC_9
ec_GFp_mont_field_inv,FUNC_10
group,VAR_2
r,VAR_3
a,VAR_4
ctx,VAR_5
e,VAR_6
new_ctx,VAR_7
ret,VAR_8
