ASN1_object_size,FUNC_0
EC_GROUP_order_bits,FUNC_1
EC_KEY_get0_group,FUNC_2
V_ASN1_INTEGER,VAR_0
V_ASN1_SEQUENCE,VAR_1
i2d_ASN1_INTEGER,FUNC_3
ECDSA_size,FUNC_4
r,VAR_2
ret,VAR_3
i,VAR_4
bs,VAR_5
buf,VAR_6
group,VAR_7
