EC_KEY_get0_group,FUNC_0
key,VAR_0
