M_LINUX,VAR_0
free,FUNC_0
linux_free_get_char_devices,FUNC_1
string,VAR_1
