list_add_tail,FUNC_0
xen_pcibk_quirks,VAR_0
register_quirk,FUNC_1
quirk,VAR_1
