fz_clip_path,FUNC_0
fz_drop_path,FUNC_1
fz_infinite_rect,VAR_0
fz_new_path,FUNC_2
xps_parse_abbreviated_geometry,FUNC_3
xps_parse_path_geometry,FUNC_4
xps_clip,FUNC_5
ctx,VAR_1
doc,VAR_2
ctm,VAR_3
dict,VAR_4
clip_att,VAR_5
clip_tag,VAR_6
dev,VAR_7
path,VAR_8
fill_rule,VAR_9
