__input_release_device,FUNC_0
input_dev_poller_stop,FUNC_1
mutex_lock,FUNC_2
mutex_unlock,FUNC_3
stub1,FUNC_4
synchronize_rcu,FUNC_5
input_close_device,FUNC_6
handle,VAR_0
dev,VAR_1
