PM_SUSPEND_MEM,VAR_0
PM_SUSPEND_STANDBY,VAR_1
mmp2_pm_valid,FUNC_0
state,VAR_2
