dlclose,FUNC_0
_citrus_unload_module,FUNC_1
handle,VAR_0
