uvc_v4l2_get_streamparm,FUNC_0
uvc_ioctl_g_parm,FUNC_1
file,VAR_0
fh,VAR_1
parm,VAR_2
handle,VAR_3
stream,VAR_4
