ALIGN,FUNC_0
ERANGE,VAR_0
errno,VAR_1
strcpy,FUNC_1
strlen,FUNC_2
__copy_netent,FUNC_3
ne,VAR_2
nptr,VAR_3
buf,VAR_4
buflen,VAR_5
cp,VAR_6
i,VAR_7
n,VAR_8
numptr,VAR_9
len,VAR_10
