SOCKBUF_UNLOCK,FUNC_0
SOCK_UNLOCK,FUNC_1
SOLISTENING,FUNC_2
so_wrknl_unlock,FUNC_3
arg,VAR_0
so,VAR_1
