LIST_REMOVE,FUNC_0
MPASS,FUNC_1
VMEM_ASSERT_LOCKED,FUNC_2
bt_hashlist,VAR_0
bt_rembusy,FUNC_3
vm,VAR_1
bt,VAR_2
