malloc_domain,FUNC_0
vm_domainset_iter_policy,FUNC_1
vm_domainset_iter_policy_init,FUNC_2
malloc_domainset,FUNC_3
size,VAR_0
mtp,VAR_1
ds,VAR_2
flags,VAR_3
di,VAR_4
ret,VAR_5
domain,VAR_6
