shared_page_alloc_locked,FUNC_0
shared_page_alloc_sx,VAR_0
shared_page_write,FUNC_1
sx_xlock,FUNC_2
sx_xunlock,FUNC_3
shared_page_fill,FUNC_4
size,VAR_1
align,VAR_2
data,VAR_3
res,VAR_4
