SOLISTENING,FUNC_0
UNPGC_IGNORE_RIGHTS,VAR_0
UNP_LINK_WLOCK,FUNC_1
UNP_LINK_WUNLOCK,FUNC_2
sotounpcb,FUNC_3
unp_dispose_mbuf,FUNC_4
unp_dispose,FUNC_5
so,VAR_1
unp,VAR_2
