icu_lock,VAR_0
ioapic_program_intpin,FUNC_0
mtx_lock_spin,FUNC_1
mtx_unlock_spin,FUNC_2
ioapic_resume,FUNC_3
pic,VAR_1
suspend_cancelled,VAR_2
io,VAR_3
i,VAR_4
