kprintf,FUNC_0
kull_m_crypto_algid_to_name,FUNC_1
kull_m_string_wprintf_hex,FUNC_2
kull_m_dpapi_masterkey_descr,FUNC_3
level,VAR_0
masterkey,VAR_1
