IFF_ALLMULTI,VAR_0
IFF_PROMISC,VAR_1
iss_net_set_multicast_list,FUNC_0
dev,VAR_2
