BRCMF_FEAT_MFP,VAR_0
EOPNOTSUPP,VAR_1
INFO,VAR_2
TRACE,VAR_3
brcmf_dbg,FUNC_0
brcmf_feat_is_enabled,FUNC_1
netdev_priv,FUNC_2
brcmf_cfg80211_config_default_mgmt_key,FUNC_3
wiphy,VAR_4
ndev,VAR_5
key_idx,VAR_6
ifp,VAR_7
