TPG_COLOR_100_BLACK,VAR_0
TPG_COLOR_100_WHITE,VAR_1
TPG_COLOR_CSC_WHITE,VAR_2
tpg_get_textfg_color,FUNC_0
tpg,VAR_3
