strcpy,FUNC_0
strlen,FUNC_1
UiEscapeString,FUNC_2
String,VAR_0
Idx,VAR_1
