monotime_ts,FUNC_0
monotime_tv,FUNC_1
tv,VAR_0
ts,VAR_1
