COMP_DELAYED,VAR_0
COMP_NONE,VAR_1
COMP_ZLIB,VAR_2
SSH_ERR_INTERNAL_ERROR,VAR_3
SSH_ERR_NO_COMPRESS_ALG_MATCH,VAR_4
free,FUNC_0
match_list,FUNC_1
strcmp,FUNC_2
choose_comp,FUNC_3
comp,VAR_5
client,VAR_6
server,VAR_7
name,VAR_8
