remote_hostname,FUNC_0
ssh_remote_ipaddr,FUNC_1
auth_get_canonical_hostname,FUNC_2
ssh,VAR_0
use_dns,VAR_1
dnsname,VAR_2
