RARCH_LOG,FUNC_0
content_rom_crc,VAR_0
file_crc32,FUNC_1
pending_content_rom_crc,VAR_1
pending_content_rom_crc_path,VAR_2
content_get_crc,FUNC_2
