MT_PF_INCLUDE_ROOT,VAR_0
sbuf_printf,FUNC_0
strcmp,FUNC_1
mt_param_parent_sbuf,FUNC_2
sb,VAR_1
entry,VAR_2
print_params,VAR_3
