ENOMEM,VAR_0
GFP_KERNEL,VAR_1
NAND_ECC_HW,VAR_2
devm_kzalloc,FUNC_0
lpc32xx_ooblayout_ops,VAR_3
mtd_set_ooblayout,FUNC_1
nand_get_controller_data,FUNC_2
nand_to_mtd,FUNC_3
lpc32xx_nand_attach_chip,FUNC_4
chip,VAR_4
mtd,VAR_5
host,VAR_6
dev,VAR_7
