ADBREQ_NOSEND,VAR_0
ADB_READREG,FUNC_0
adb_request,FUNC_1
autopoll_devs,VAR_1
command_byte,VAR_2
current_req,VAR_3
ffs,FUNC_2
last_req,VAR_4
macii_queue_poll,FUNC_3
device_mask,VAR_5
next_device,VAR_6
req,VAR_7
