macii_poll,FUNC_0
macii_write,FUNC_1
macii_send_request,FUNC_2
req,VAR_0
sync,VAR_1
err,VAR_2
