PATH_MAX,VAR_0
fclose,FUNC_0
fopen,FUNC_1
free,FUNC_2
getline,FUNC_3
memmove,FUNC_4
snprintf,FUNC_5
strchr,FUNC_6
strlen,FUNC_7
strstr,FUNC_8
get_fdinfo,FUNC_9
fd,VAR_1
key,VAR_2
path,VAR_3
line,VAR_4
line_n,VAR_5
n,VAR_6
fdi,VAR_7
value,VAR_8
len,VAR_9
