unix_peer,FUNC_0
unix_our_peer,FUNC_1
sk,VAR_0
osk,VAR_1
