AIO_WRITE,VAR_0
AIO_write,VAR_1
BSDDBG_CODE,FUNC_0
DBG_BSD_AIO,VAR_2
DBG_FUNC_END,VAR_3
DBG_FUNC_START,VAR_4
KERNEL_DEBUG,FUNC_1
aio_queue_async_request,FUNC_2
aio_write,FUNC_3
p,VAR_5
uap,VAR_6
retval,VAR_7
error,VAR_8
