UBCINFOEXISTS,FUNC_0
ubc_get_cs_blobs,FUNC_1
vp,VAR_0
uip,VAR_1
blobs,VAR_2
