sflt_connectin,FUNC_0
sonewconn_internal,FUNC_1
sonewconn,FUNC_2
head,VAR_0
connstatus,VAR_1
from,VAR_2
error,VAR_3
