Z_ARRVAL_P,FUNC_0
efree,FUNC_1
zend_hash_destroy,FUNC_2
php_phpdbg_destroy_bp_methods,FUNC_3
brake,VAR_0
