EINVAL,VAR_0
ENOMEM,VAR_1
EOPNOTSUPP,VAR_2
GFP_KERNEL,VAR_3
IEEE80211_QOS_MAP_LEN_MAX,VAR_4
IEEE80211_QOS_MAP_LEN_MIN,VAR_5
NL80211_ATTR_QOS_MAP,VAR_6
kfree,FUNC_0
kzalloc,FUNC_1
memcpy,FUNC_2
nl80211_key_allowed,FUNC_3
nla_data,FUNC_4
nla_len,FUNC_5
rdev_set_qos_map,FUNC_6
wdev_lock,FUNC_7
wdev_unlock,FUNC_8
nl80211_set_qos_map,FUNC_9
skb,VAR_7
info,VAR_8
rdev,VAR_9
qos_map,VAR_10
dev,VAR_11
pos,VAR_12
len,VAR_13
num_des,VAR_14
des_len,VAR_15
des,VAR_16
ret,VAR_17
