ENOMEM,VAR_0
GFP_USER,VAR_1
IS_ERR,FUNC_0
PTR_ERR,FUNC_1
S_IFLNK,VAR_2
S_IRWXUGO,VAR_3
__GFP_NOWARN,VAR_4
bpf_dentry_finalize,FUNC_2
bpf_get_inode,FUNC_3
kfree,FUNC_4
kstrdup,FUNC_5
simple_symlink_inode_operations,VAR_5
bpf_symlink,FUNC_6
dir,VAR_6
dentry,VAR_7
target,VAR_8
link,VAR_9
inode,VAR_10
