FALSE,VAR_0
NULLPROC,VAR_1
memset,FUNC_0
mutex_lock,FUNC_1
mutex_unlock,FUNC_2
proglst,VAR_2
proglst_lock,VAR_3
strcmp,FUNC_3
stub1,FUNC_4
svc_freeargs,FUNC_5
svc_getargs,FUNC_6
svc_sendreply,FUNC_7
svcerr_decode,FUNC_8
warnx,FUNC_9
xdr_void,VAR_4
universal,FUNC_10
rqstp,VAR_5
transp,VAR_6
prog,VAR_7
vers,VAR_8
proc,VAR_9
outdata,VAR_10
xdrbuf,VAR_11
pl,VAR_12
