FALSE,VAR_0
LOG_DEBUG,VAR_1
NECPLOG,FUNC_0
TRUE,VAR_2
necp_debug,VAR_3
necp_policy_condition_get_type_from_buffer,FUNC_1
necp_policy_route_rule_is_valid,FUNC_2
buffer,VAR_4
length,VAR_5
validated,VAR_6
type,VAR_7
