RB_NEXT,FUNC_0
TAILQ_FIRST,FUNC_1
TAILQ_NEXT,FUNC_2
entries,VAR_0
pf_anchor_node,VAR_1
pf_anchor_stack,VAR_2
pf_step_out_of_anchor,FUNC_3
depth,VAR_3
rs,VAR_4
n,VAR_5
r,VAR_6
a,VAR_7
match,VAR_8
f,VAR_9
quick,VAR_10
