ENOENT,VAR_0
necp_delete_session,FUNC_0
necp_policy_apply_all,FUNC_1
necp_policy_mark_all_for_deletion,FUNC_2
necp_session_op_close,FUNC_3
fg,VAR_1
ctx,VAR_2
session,VAR_3
