EIO,VAR_0
ENXIO,VAR_1
EOPNOTSUPP,VAR_2
dev_warn,FUNC_0
dprintk,FUNC_1
em28xx_i2c_timeout,FUNC_2
jiffies,VAR_3
stub1,FUNC_3
stub2,FUNC_4
stub3,FUNC_5
time_is_after_jiffies,FUNC_6
usleep_range,FUNC_7
em2800_i2c_recv_bytes,FUNC_8
dev,VAR_4
addr,VAR_5
buf,VAR_6
len,VAR_7
timeout,VAR_8
buf2,VAR_9
ret,VAR_10
i,VAR_11
