ufs_qcom_update_bus_bw_vote,FUNC_0
host,VAR_0
