LP3972_LDO1,VAR_0
LP3972_LDO_OUTPUT_ENABLE_MASK,FUNC_0
LP3972_LDO_OUTPUT_ENABLE_REG,FUNC_1
lp3972_set_bits,FUNC_2
rdev_get_drvdata,FUNC_3
rdev_get_id,FUNC_4
lp3972_ldo_disable,FUNC_5
dev,VAR_1
lp3972,VAR_2
ldo,VAR_3
mask,VAR_4
