WARN_ON,FUNC_0
devm_regulator_match,VAR_0
devm_regulator_release,VAR_1
devres_release,FUNC_1
devm_regulator_put,FUNC_2
regulator,VAR_2
rc,VAR_3
