stub1,FUNC_0
to_mca_bus,FUNC_1
mca_device_transform_irq,FUNC_2
mca_dev,VAR_0
irq,VAR_1
mca_bus,VAR_2
