ngx_http_request_body_chunked_filter,FUNC_0
ngx_http_request_body_length_filter,FUNC_1
ngx_http_request_body_filter,FUNC_2
r,VAR_0
in,VAR_1
