NGX_OK,VAR_0
ngx_parse_http_time,FUNC_0
ngx_http_upstream_process_last_modified,FUNC_1
r,VAR_1
h,VAR_2
offset,VAR_3
u,VAR_4
