CURRENT_TIME_SEC,VAR_0
EACCES,VAR_1
EINVAL,VAR_2
EOPNOTSUPP,VAR_3
EXT3_XATTR_INDEX_POSIX_ACL_ACCESS,VAR_4
EXT3_XATTR_INDEX_POSIX_ACL_DEFAULT,VAR_5
IS_ERR,FUNC_0
PTR_ERR,FUNC_1
S_ISDIR,FUNC_2
S_ISLNK,FUNC_3
ext3_acl_to_disk,FUNC_4
ext3_mark_inode_dirty,FUNC_5
ext3_xattr_set_handle,FUNC_6
kfree,FUNC_7
posix_acl_equiv_mode,FUNC_8
set_cached_acl,FUNC_9
ext3_set_acl,FUNC_10
handle,VAR_6
inode,VAR_7
type,VAR_8
acl,VAR_9
name_index,VAR_10
value,VAR_11
size,VAR_12
error,VAR_13
mode,VAR_14
