coredump_next_context,FUNC_0
spu_acquire_saved,FUNC_1
spu_release_saved,FUNC_2
spufs_arch_write_note,FUNC_3
spufs_coredump_read,VAR_0
spufs_coredump_extra_notes_write,FUNC_4
file,VAR_1
foffset,VAR_2
ctx,VAR_3
fd,VAR_4
j,VAR_5
rc,VAR_6
