machine_do_debugid,FUNC_0
do_debugid,FUNC_1
