esp_efuse_get_field_size,FUNC_0
field,VAR_0
bits_counter,VAR_1
i,VAR_2
