ATH6KL_DBG_SUSPEND,VAR_0
ath6kl_cfg80211_resume,FUNC_0
ath6kl_dbg,FUNC_1
ath6kl_sdio_config,FUNC_2
ath6kl_sdio_resume,FUNC_3
ar,VAR_1
