NILFS_ROOT_INO,VAR_0
d_find_alias,FUNC_0
dput,FUNC_1
iput,FUNC_2
nilfs_ilookup,FUNC_3
nilfs_last_cno,FUNC_4
nilfs_lookup_root,FUNC_5
nilfs_put_root,FUNC_6
nilfs_tree_is_busy,FUNC_7
nilfs_checkpoint_is_mounted,FUNC_8
sb,VAR_1
cno,VAR_2
nilfs,VAR_3
root,VAR_4
inode,VAR_5
dentry,VAR_6
ret,VAR_7
