PAGEVEC_SIZE,VAR_0
PAGE_SHIFT,VAR_1
buffer_delay,FUNC_0
cond_resched,FUNC_1
find_get_pages_contig,FUNC_2
lock_page,FUNC_3
page_buffers,FUNC_4
page_has_buffers,FUNC_5
pagevec_count,FUNC_6
pagevec_init,FUNC_7
pagevec_release,FUNC_8
unlock_page,FUNC_9
nilfs_find_uncommitted_extent,FUNC_10
inode,VAR_2
start_blk,VAR_3
blkoff,VAR_4
i,VAR_5
index,VAR_6
nblocks_in_page,VAR_7
length,VAR_8
b,VAR_9
pvec,VAR_10
page,VAR_11
bh,VAR_12
head,VAR_13
