UI_COLOR_BEVEL_1,VAR_0
UI_COLOR_BEVEL_2,VAR_1
UI_COLOR_BEVEL_3,VAR_2
UI_COLOR_BEVEL_4,VAR_3
ui_draw_bevel_imp,FUNC_0
ui_draw_bevel,FUNC_1
area,VAR_4
depressed,VAR_5
