IDENT_NO_DATE,VAR_0
free,FUNC_0
git_committer_info,FUNC_1
xstrdup,FUNC_2
from_callback,FUNC_3
opt,VAR_1
arg,VAR_2
unset,VAR_3
from,VAR_4
