mt_cpu_run,FUNC_0
mt_cpu_up,FUNC_1
cpu,VAR_0
