mp_time_us_to_timespec,FUNC_0
pthread_cond_timedwait,FUNC_1
pthread_mutex_lock,FUNC_2
pthread_mutex_unlock,FUNC_3
wait_wakeup,FUNC_4
ctx,VAR_0
end,VAR_1
r,VAR_2
ts,VAR_3
