CB_ADDSTRING,VAR_0
CB_LIMITTEXT,VAR_1
CB_SETCURSEL,VAR_2
IDC_CURRENCYGRPSEP,VAR_3
MAX_CURRTHOUSANDSEP,VAR_4
SendDlgItemMessageW,FUNC_0
InitCurrencyGroupSeparators,FUNC_1
hwndDlg,VAR_5
pGlobalData,VAR_6
