on_halt_trigger,VAR_0
sprintf,FUNC_0
on_halt_show,FUNC_1
kobj,VAR_1
attr,VAR_2
page,VAR_3
