CPU_ClrN,VAR_0
CPU_SetN,VAR_1
CPU_regA,VAR_2
CPU_regY,VAR_3
Devices_GetIOCB,FUNC_0
EOF,VAR_4
FALSE,VAR_5
Log_print,FUNC_1
SEEK_CUR,VAR_6
TRUE,VAR_7
devbug,VAR_8
feof,FUNC_2
fgetc,FUNC_3
fseek,FUNC_4
h_fp,VAR_9
h_iocb,VAR_10
h_lastbyte,VAR_11
h_lastop,VAR_12
h_textmode,VAR_13
h_wascr,VAR_14
Devices_H_Read,FUNC_5
ch,VAR_15
