mousedev_table,VAR_0
mousedev_table_mutex,VAR_1
mutex_lock,FUNC_0
mutex_unlock,FUNC_1
mousedev_remove_chrdev,FUNC_2
mousedev,VAR_2
