VLC_H2_COMPRESSION_ERROR,VAR_0
VLC_H2_MAX_HEADERS,VAR_1
VLC_H2_REFUSED_STREAM,VAR_2
free,FUNC_0
hpack_decode,FUNC_1
stub1,FUNC_2
stub2,FUNC_3
vlc_h2_parse_error,FUNC_4
vlc_h2_parse_generic,VAR_3
vlc_h2_stream_error,FUNC_5
vlc_h2_stream_lookup,FUNC_6
vlc_h2_parse_headers_end,FUNC_7
p,VAR_4
headers,VAR_5
n,VAR_6
i,VAR_7
s,VAR_8
val,VAR_9
ch,VAR_10
i,VAR_11
i,VAR_12
