ADC_POWER_EVENT,VAR_0
snd_soc_dapm_to_component,FUNC_0
vag_and_mute_control,FUNC_1
adc_updown_depop,FUNC_2
w,VAR_1
kcontrol,VAR_2
event,VAR_3
component,VAR_4
