ENOMEM,VAR_0
GFP_KERNEL,VAR_1
IS_ERR,FUNC_0
NAU8540_REG_I2C_DEVICE_ID,VAR_2
PTR_ERR,FUNC_1
dev_err,FUNC_2
dev_get_platdata,FUNC_3
devm_kzalloc,FUNC_4
devm_regmap_init_i2c,FUNC_5
devm_snd_soc_register_component,FUNC_6
i2c_set_clientdata,FUNC_7
nau8540_component_driver,VAR_3
nau8540_dai,VAR_4
nau8540_init_regs,FUNC_8
nau8540_regmap_config,VAR_5
nau8540_reset_chip,FUNC_9
regmap_read,FUNC_10
nau8540_i2c_probe,FUNC_11
i2c,VAR_6
id,VAR_7
dev,VAR_8
nau8540,VAR_9
ret,VAR_10
value,VAR_11
