dev_get_drvdata,FUNC_0
snd_soc_kcontrol_component,FUNC_1
wcd9335_get_compander,FUNC_2
kc,VAR_0
ucontrol,VAR_1
component,VAR_2
comp,VAR_3
wcd,VAR_4
