EPROBE_DEFER,VAR_0
IRQF_TRIGGER_HIGH,VAR_1
dev_err,FUNC_0
devm_regmap_add_irq_chip,FUNC_1
of_irq_get_byname,FUNC_2
wcd9335_regmap_irq1_chip,VAR_2
wcd9335_irq_init,FUNC_3
wcd,VAR_3
ret,VAR_4
