RT5670_PWR_ANLG2,VAR_0
RT5670_PWR_BST1_P,VAR_1
snd_soc_component_update_bits,FUNC_0
snd_soc_dapm_to_component,FUNC_1
rt5670_bst1_event,FUNC_2
w,VAR_2
kcontrol,VAR_3
event,VAR_4
component,VAR_5
