EINVAL,VAR_0
FM_I2SPCTL_WL,VAR_1
FV_WL_16,VAR_2
FV_WL_20,VAR_3
FV_WL_24,VAR_4
FV_WL_32,VAR_5
R_I2SP1CTL,VAR_6
R_I2SP2CTL,VAR_7
R_I2SP3CTL,VAR_8
dev_err,FUNC_0
snd_soc_component_update_bits,FUNC_1
set_aif_sample_format,FUNC_2
component,VAR_9
format,VAR_10
aif_id,VAR_11
reg,VAR_12
width,VAR_13
ret,VAR_14
