BUILD_BUG_ON,FUNC_0
ENOKEY,VAR_0
FSCRYPT_SET_CONTEXT_MAX_SIZE,VAR_1
READ_ONCE,FUNC_1
fscrypt_get_encryption_info,FUNC_2
fscrypt_new_context_from_policy,FUNC_3
stub1,FUNC_4
fscrypt_inherit_context,FUNC_5
parent,VAR_2
child,VAR_3
fs_data,VAR_4
preload,VAR_5
ctx,VAR_6
ctxsize,VAR_7
ci,VAR_8
res,VAR_9
