IR,FUNC_0
J2G,FUNC_1
LJ_64,VAR_0
REX_64,VAR_1
REX_64IR,FUNC_2
RID_ESP,VAR_2
RSET_GPR,VAR_3
XO_LEA,VAR_4
emit_loada,FUNC_3
emit_movmroi,FUNC_4
emit_movtomro,FUNC_5
emit_rmro,FUNC_6
ir_knum,FUNC_7
irref_isk,FUNC_8
irt_islightud,FUNC_9
irt_isnum,FUNC_10
irt_ispri,FUNC_11
irt_toitype,FUNC_12
ra_alloc1,FUNC_13
ra_spill,FUNC_14
rset_exclude,FUNC_15
asm_tvptr,FUNC_16
as,VAR_5
dest,VAR_6
ref,VAR_7
ir,VAR_8
src,VAR_9
