spin_lock,FUNC_0
spin_unlock,FUNC_1
vnic_dev_del_addr,FUNC_2
enic_dev_del_addr,FUNC_3
enic,VAR_0
addr,VAR_1
err,VAR_2
