STK8312_MODE_ACTIVE,VAR_0
iio_priv,FUNC_0
stk8312_set_mode,FUNC_1
stk8312_buffer_preenable,FUNC_2
indio_dev,VAR_1
data,VAR_2
