EINVAL,VAR_0
SCA3000_REG_MODE_ADDR,VAR_1
SCA3000_REG_MODE_MODE_MASK,VAR_2
sca3000_read_data_short,FUNC_0
__sca3000_get_base_freq,FUNC_1
st,VAR_3
info,VAR_4
base_freq,VAR_5
ret,VAR_6
