IFNAMSIZ,VAR_0
ifname_compare_aligned,FUNC_0
ifname_compare,FUNC_1
_a,VAR_1
_b,VAR_2
_mask,VAR_3
ret,VAR_4
a,VAR_5
b,VAR_6
mask,VAR_7
i,VAR_8
