Base64WithHeaderAndTrailerToBinaryW,FUNC_0
CRYPT_STRING_BASE64HEADER,VAR_0
Base64HeaderToBinaryW,FUNC_1
pszString,VAR_1
cchString,VAR_2
pbBinary,VAR_3
pcbBinary,VAR_4
pdwSkip,VAR_5
pdwFlags,VAR_6
ret,VAR_7
