GFP_KERNEL,VAR_0
dce112_i2c_hw_construct,FUNC_0
i2c_hw_regs,VAR_1
i2c_masks,VAR_2
i2c_shifts,VAR_3
kzalloc,FUNC_1
dce120_i2c_hw_create,FUNC_2
ctx,VAR_4
inst,VAR_5
dce_i2c_hw,VAR_6
