readl,FUNC_0
tg3_ape_read32,FUNC_1
tp,VAR_0
off,VAR_1
