ETH_MII_CMD_SCN,VAR_0
netdev_priv,FUNC_0
writel,FUNC_1
mdio_write,FUNC_2
dev,VAR_1
mii_id,VAR_2
reg,VAR_3
val,VAR_4
lp,VAR_5
