PAGE_SIZE,VAR_0
min,FUNC_0
skb_shinfo,FUNC_1
skb_tx,FUNC_2
set_skb_frag,FUNC_3
skb,VAR_1
page,VAR_2
offset,VAR_3
len,VAR_4
i,VAR_5
f,VAR_6
