GFAR_100_TIME,VAR_0
GFAR_10_TIME,VAR_1
GFAR_GBIT_TIME,VAR_2
gfar_ticks2usecs,FUNC_0
priv,VAR_3
ticks,VAR_4
count,VAR_5
