DRM_INFO,FUNC_0
MTRR_TYPE_WRCOMB,VAR_0
mtrr_add,FUNC_1
radeon_ttm_init,FUNC_2
radeon_bo_init,FUNC_3
rdev,VAR_1
