cfg_lex,VAR_0
sprintf,FUNC_0
syntax,FUNC_1
expect,FUNC_2
lexem,VAR_1
buff,VAR_2
