DATABASE_STATUS_ITERATE,VAR_0
calloc,FUNC_0
core_info_get_list,FUNC_1
dir_list_new,FUNC_2
dir_list_prioritize,FUNC_3
free,FUNC_4
database_info_dir_init,FUNC_5
dir,VAR_1
type,VAR_2
task,VAR_3
show_hidden_files,VAR_4
core_info_list,VAR_5
list,VAR_6
db,VAR_7
