NN_FSM_STATE_IDLE,VAR_0
nn_fsm_event_init,FUNC_0
nn_fsm_init_root,FUNC_1
self,VAR_1
fn,VAR_2
shutdown_fn,VAR_3
ctx,VAR_4
