PLAYLIST_THUMBNAIL_MODE_BOXARTS,VAR_0
PLAYLIST_THUMBNAIL_MODE_DEFAULT,VAR_1
playlist_get_thumbnail_mode,FUNC_0
playlist_set_thumbnail_mode,FUNC_1
playlist_write_file,FUNC_2
playlist_thumbnail_mode_right,FUNC_3
playlist,VAR_2
thumbnail_id,VAR_3
wraparound,VAR_4
thumbnail_mode,VAR_5
