color_green,VAR_0
color_red,VAR_1
color_reset,VAR_2
config,VAR_3
fileno,FUNC_0
fprintf,FUNC_1
isatty,FUNC_2
stderr,VAR_4
stdout,VAR_5
help_print_disabled_mode,FUNC_3
mode,VAR_6
is_term,VAR_7
