PTHREAD_CANCELED,VAR_0
SHOULD_CANCEL,FUNC_0
THR_IN_CRITICAL,FUNC_1
__predict_false,FUNC_2
_pthread_exit,FUNC_3
_thr_cancel_leave,FUNC_4
curthread,VAR_1
maycancel,VAR_2
