DEVLINK_PARAM_CMODE_DRIVERINIT,VAR_0
DEVLINK_PARAM_TYPE_STRING,VAR_1
EINVAL,VAR_2
EOPNOTSUPP,VAR_3
devlink_param_cmode_is_supported,FUNC_0
devlink_param_find_by_id,FUNC_1
devlink_param_notify,FUNC_2
strcpy,FUNC_3
__devlink_param_driverinit_value_set,FUNC_4
devlink,VAR_4
port_index,VAR_5
param_list,VAR_6
param_id,VAR_7
init_val,VAR_8
cmd,VAR_9
param_item,VAR_10
