EIO,VAR_0
ENOMEM,VAR_1
GFP_ATOMIC,VAR_2
WARN_ON_ONCE,FUNC_0
skb_copy_ubufs,FUNC_1
skb_uarg,FUNC_2
skb_zcopy,FUNC_3
skb_zcopy_set,FUNC_4
skb_zerocopy_clone,FUNC_5
nskb,VAR_3
orig,VAR_4
gfp_mask,VAR_5
