GETIREG,FUNC_0
READL,FUNC_1
SETIREG,FUNC_2
SETIREGAND,FUNC_3
SETIREGANDOR,FUNC_4
SETIREGOR,FUNC_5
SISSR,VAR_0
SISUSB_PCI_MEMBASE,VAR_1
WRITEL,FUNC_6
sisusb_triggersr16,FUNC_7
sisusb_getbuswidth,FUNC_8
sisusb,VAR_2
bw,VAR_3
chab,VAR_4
ret,VAR_5
ramtype,VAR_6
done,VAR_7
t0,VAR_8
t1,VAR_9
t2,VAR_10
t3,VAR_11
ramptr,VAR_12
