SERVER,FUNC_0
ckresp,FUNC_1
mustdiallocal,FUNC_2
mustsend,FUNC_3
cttest_underscore,FUNC_4
port,VAR_0
fd,VAR_1
