LUA_END,VAR_0
lua_ExecuteFunction,FUNC_0
lua_close,FUNC_1
vlclua_fd_cleanup,FUNC_2
TriggerExtension,FUNC_3
p_mgr,VAR_1
p_ext,VAR_2
i_ret,VAR_3
