SQLITE_NOMEM,VAR_0
SQLITE_OK,VAR_1
UNUSED_PARAM,FUNC_0
memset,FUNC_1
sqlite3_malloc,FUNC_2
jsonEachOpenEach,FUNC_3
p,VAR_2
ppCursor,VAR_3
pCur,VAR_4
