deltaGetInt,FUNC_0
pz,VAR_0
pLen,VAR_1
zValue,VAR_2
v,VAR_3
c,VAR_4
z,VAR_5
zStart,VAR_6
