stub1,FUNC_0
vstatFileSize,FUNC_1
pFile,VAR_0
pSize,VAR_1
rc,VAR_2
p,VAR_3
