br_ec_c25519_m15,VAR_0
br_ec_p256_m15,VAR_1
br_ec_prime_i15,VAR_2
stub1,FUNC_0
stub2,FUNC_1
stub3,FUNC_2
api_muladd,FUNC_3
A,VAR_3
B,VAR_4
len,VAR_5
x,VAR_6
xlen,VAR_7
y,VAR_8
ylen,VAR_9
curve,VAR_10
