ZSTD_CONTENTSIZE_ERROR,VAR_0
ZSTD_errorFrameSizeInfo,FUNC_0
ret,VAR_1
frameSizeInfo,VAR_2
