xmlHashFree,FUNC_0
xsltFreeCtxtExts,FUNC_1
ctxt,VAR_0
