xsltDefaultSecurityPrefs,VAR_0
xsltGetDefaultSecurityPrefs,FUNC_0
