EREMOTEIO,VAR_0
__i2c_transfer,FUNC_0
dev_warn,FUNC_1
memcpy,FUNC_2
rtl2830_regmap_gather_write,FUNC_3
context,VAR_1
reg,VAR_2
reg_len,VAR_3
val,VAR_4
val_len,VAR_5
client,VAR_6
ret,VAR_7
buf,VAR_8
msg,VAR_9
