DMA_FROM_DEVICE,VAR_0
DMA_TO_DEVICE,VAR_1
MPC512X_LPBFIFO_REQ_DIR_WRITE,VAR_2
dma_unmap_single,FUNC_0
lpbfifo,VAR_3
pr_err,FUNC_1
spin_lock_irqsave,FUNC_2
spin_unlock_irqrestore,FUNC_3
stub1,FUNC_4
mpc512x_lpbfifo_callback,FUNC_5
param,VAR_4
flags,VAR_5
req,VAR_6
dir,VAR_7
