fz_atof,FUNC_0
strcmp,FUNC_1
svg_parse_number,FUNC_2
str,VAR_0
min,VAR_1
max,VAR_2
inherit,VAR_3
x,VAR_4
