EAP_AKA_CK_LEN,VAR_0
EAP_AKA_IK_LEN,VAR_1
EAP_SIM_MK_LEN,VAR_2
MSG_DEBUG,VAR_3
sha1_vector,FUNC_0
wpa_hexdump_key,FUNC_1
eap_aka_derive_mk,FUNC_2
identity,VAR_4
identity_len,VAR_5
ik,VAR_6
ck,VAR_7
mk,VAR_8
addr,VAR_9
len,VAR_10
