KVASER_USB_HYDRA_HE_ADDR_SRC_BITS,VAR_0
KVASER_USB_HYDRA_HE_ADDR_SRC_MASK,VAR_1
KVASER_USB_HYDRA_TRANSID_BITS,VAR_2
le16_to_cpu,FUNC_0
kvaser_usb_hydra_get_cmd_src_he,FUNC_1
cmd,VAR_3
