down_read,FUNC_0
stub1,FUNC_1
up_read,FUNC_2
nilfs_bmap_last_key,FUNC_3
bmap,VAR_0
key,VAR_1
lastkey,VAR_2
ret,VAR_3
