NILFS_SC_DIRTY,VAR_0
list_empty,FUNC_0
nilfs_doing_gc,FUNC_1
test_bit,FUNC_2
nilfs_segctor_clean,FUNC_3
sci,VAR_1
