VC_RESUME_REQUESTED,VAR_0
VC_SUSPEND_IDLE,VAR_1
vchiq_platform_get_arm_state,FUNC_0
vchiq_videocore_wanted,FUNC_1
need_resume,FUNC_2
state,VAR_2
arm_state,VAR_3
