snprintf,FUNC_0
display_size,FUNC_1
size,VAR_0
sectorsize,VAR_1
buf,VAR_2
unit,VAR_3
