child,VAR_0
view_child_damage,FUNC_0
view_unmap,VAR_1
wl_container_of,FUNC_1
view_child_handle_view_unmap,FUNC_2
listener,VAR_2
data,VAR_3
child,VAR_4
