shouldPrintColumn,FUNC_0
dopt,VAR_0
tbinfo,VAR_1
colno,VAR_2
