EOPNOTSUPP,VAR_0
IPA_CMD_ASS_START,VAR_1
IPA_FULL_VLAN,VAR_2
IPA_VLAN_PRIO,VAR_3
QETH_CARD_IFNAME,FUNC_0
QETH_CARD_TEXT,FUNC_1
dev_info,FUNC_2
dev_warn,FUNC_3
qeth_is_supported,FUNC_4
qeth_send_simple_setassparms,FUNC_5
qeth_l3_start_ipa_vlan,FUNC_6
card,VAR_4
rc,VAR_5
