virt_to_phys,FUNC_0
iucv_call_b2f0,FUNC_1
command,VAR_0
parm,VAR_1
reg0,VAR_2
reg1,VAR_3
ccode,VAR_4
