IVTV_DEC_STREAM_TYPE_MPG,VAR_0
IVTV_DEC_STREAM_TYPE_YUV,VAR_1
ivtv_get_output_stream,FUNC_0
itv,VAR_2
