MLXSW_REG,FUNC_0
MLXSW_REG_RICNT_LEN,VAR_0
MLXSW_REG_RICNT_OPCODE_CLEAR,VAR_1
mlxsw_reg_ricnt_pack,FUNC_1
mlxsw_reg_write,FUNC_2
ricnt,VAR_2
mlxsw_sp_rif_counter_clear,FUNC_3
mlxsw_sp,VAR_3
counter_index,VAR_4
ricnt_pl,VAR_5
