list_del,FUNC_0
list_empty,FUNC_1
mlxsw_sp_nexthop4_group_destroy,FUNC_2
mlxsw_sp_nexthop4_group_put,FUNC_3
mlxsw_sp,VAR_0
fib_entry,VAR_1
nh_grp,VAR_2
