MLXSW_REG,FUNC_0
MLXSW_REG_MTMP_LEN,VAR_0
dev_err,FUNC_1
mlxsw_reg_mtmp_pack,FUNC_2
mlxsw_reg_mtmp_unpack,FUNC_3
mlxsw_reg_query,FUNC_4
mlxsw_thermal_tz_score_update,FUNC_5
mtmp,VAR_1
mlxsw_thermal_get_temp,FUNC_6
tzdev,VAR_2
p_temp,VAR_3
thermal,VAR_4
dev,VAR_5
mtmp_pl,VAR_6
temp,VAR_7
err,VAR_8
