MLXSW_REG,FUNC_0
MLXSW_REG_PMLP_LEN,VAR_0
mlxsw_reg_pmlp_module_get,FUNC_1
mlxsw_reg_pmlp_pack,FUNC_2
mlxsw_reg_pmlp_width_get,FUNC_3
mlxsw_reg_query,FUNC_4
pmlp,VAR_1
mlxsw_sib_port_module_info_get,FUNC_5
mlxsw_sib,VAR_2
local_port,VAR_3
p_module,VAR_4
p_width,VAR_5
pmlp_pl,VAR_6
err,VAR_7
