mlxsw_sp_flow_counter_free,FUNC_0
mlxsw_sp_nexthop_counter_free,FUNC_1
mlxsw_sp,VAR_0
nh,VAR_1
