KVM_CPU_E500MC,VAR_0
MSRP_PMMP,VAR_1
MSRP_UCLEP,VAR_2
SPRN_EPCR_DGTMI,VAR_3
SPRN_EPCR_DSIGS,VAR_4
SPRN_EPCR_DUVD,VAR_5
SPRN_EPCR_ICM,VAR_6
SPRN_PVR,VAR_7
SPRN_SVR,VAR_8
mfspr,FUNC_0
to_e500,FUNC_1
kvmppc_core_vcpu_setup,FUNC_2
vcpu,VAR_9
vcpu_e500,VAR_10
