r5l_ring_distance,FUNC_0
r5l_has_free_space,FUNC_1
log,VAR_0
size,VAR_1
used_size,VAR_2
