snd_pcm_format_signed,FUNC_0
snd_pcm_format_linear,FUNC_1
format,VAR_0
