AV_OPT_TYPE_SAMPLE_FMT,VAR_0
get_format,FUNC_0
av_opt_get_sample_fmt,FUNC_1
obj,VAR_1
name,VAR_2
search_flags,VAR_3
out_fmt,VAR_4
