IS_UID,FUNC_0
add_event,FUNC_1
assert,FUNC_2
critical,FUNC_3
get_news_queue,FUNC_4
insert_to_add,FUNC_5
insert_to_del,FUNC_6
process_changes,FUNC_7
sprintf,FUNC_8
strlen,FUNC_9
to_add,VAR_0
to_add_n,VAR_1
to_del,VAR_2
to_del_n,VAR_3
treap_fnd,FUNC_10
add_event_to_news,FUNC_11
from_id,VAR_4
x,VAR_5
y,VAR_6
ttl,VAR_7
ids,VAR_8
idn,VAR_9
event,VAR_10
need_debug,VAR_11
len,VAR_12
i,VAR_13
q,VAR_14
v,VAR_15
yn,VAR_16
