ldns_rdf2buffer_str_hex,FUNC_0
ldns_rdf2buffer_str_atma,FUNC_1
output,VAR_0
rdf,VAR_1
