read_seqbegin,FUNC_0
read_seqretry,FUNC_1
timekeeper,VAR_0
timekeeping_get_ns_raw,FUNC_2
timespec_add_ns,FUNC_3
getrawmonotonic,FUNC_4
ts,VAR_1
seq,VAR_2
nsecs,VAR_3
