ZFCP_STATUS_COMMON_RUNNING,VAR_0
ZFCP_STATUS_ERP_CLOSE_ONLY,VAR_1
atomic_read,FUNC_0
zfcp_erp_strat_change_det,FUNC_1
target_status,VAR_2
erp_status,VAR_3
status,VAR_4
