ENOMEM,VAR_0
ZFCP_ERP_CONTINUES,VAR_1
ZFCP_ERP_FAILED,VAR_2
ZFCP_ERP_NOMEM,VAR_3
ZFCP_ERP_STEP_PHYS_PORT_CLOSING,VAR_4
zfcp_fsf_close_physical_port,FUNC_0
zfcp_erp_port_forced_strategy_close,FUNC_1
act,VAR_5
retval,VAR_6
