EL3_PNP,VAR_0
current_tag,VAR_1
el3_cards,VAR_2
el3_debug,VAR_3
el3_devs,VAR_4
ether_addr_equal,FUNC_0
htons,FUNC_1
id_port,VAR_5
id_read_eeprom,FUNC_2
netdev_priv,FUNC_3
nopnp,VAR_6
outb,FUNC_4
pr_debug,FUNC_5
el3_isa_id_sequence,FUNC_6
phys_addr,VAR_7
lrs_state,VAR_8
i,VAR_9
