IEEE80211_MESHCONF_CAPAB_TBTT_ADJUSTING,VAR_0
mesh_peer_tbtt_adjusting,FUNC_0
ie,VAR_1
