ScheduleNextTraceRequest,FUNC_0
SuperTraceGetFaxStatistics,FUNC_1
hLib,VAR_0
pLib,VAR_1
