MP_SHARED_RAM_OFFSET,VAR_0
pri_ram_offset,FUNC_0
a,VAR_1
