EMU10K1_SYNTH,VAR_0
V_END,VAR_1
lookup_voices,FUNC_0
snd_emu10k1_voice_alloc,FUNC_1
get_voice,FUNC_2
emu,VAR_2
port,VAR_3
hw,VAR_4
vp,VAR_5
best,VAR_6
i,VAR_7
hwvoice,VAR_8
