ENOMEM,VAR_0
GFP_KERNEL,VAR_1
NUM_EFX_PLAYBACK,VAR_2
PLAYBACK_EFX,VAR_3
kzalloc,FUNC_0
memset,FUNC_1
snd_emu10k1_efx_playback,VAR_4
snd_emu10k1_pcm_efx_mixer_notify,FUNC_2
snd_emu10k1_pcm_free_substream,VAR_5
snd_pcm_substream_chip,FUNC_3
snd_emu10k1_efx_playback_open,FUNC_4
substream,VAR_6
emu,VAR_7
epcm,VAR_8
mix,VAR_9
runtime,VAR_10
i,VAR_11
