BuildCube,FUNC_0
BuildRectangle,FUNC_1
BuildSphere,FUNC_2
GL_ARRAY_BUFFER,VAR_0
GL_ELEMENT_ARRAY_BUFFER,VAR_1
GL_STATIC_DRAW,VAR_2
VLC_EGENERIC,VAR_3
VLC_SUCCESS,VAR_4
free,FUNC_3
stub1,FUNC_4
stub2,FUNC_5
stub3,FUNC_6
stub4,FUNC_7
stub5,FUNC_8
stub6,FUNC_9
SetupCoords,FUNC_10
vgl,VAR_5
left,VAR_6
top,VAR_7
right,VAR_8
bottom,VAR_9
vertexCoord,VAR_10
textureCoord,VAR_11
indices,VAR_12
nbVertices,VAR_13
nbIndices,VAR_14
i_ret,VAR_15
j,VAR_16
