CX18_VBI_FRAMES,VAR_0
cx18_setup_sliced_vbi_mdl,FUNC_0
cx,VAR_1
mdl,VAR_2
buf,VAR_3
idx,VAR_4
