EAGAIN,VAR_0
EINTR,VAR_1
SSLWrite,FUNC_0
errSSLWouldBlock,VAR_2
errno,VAR_3
noErr,VAR_4
st_Error,FUNC_1
unlikely,FUNC_2
vlc_mutex_lock,FUNC_3
vlc_mutex_unlock,FUNC_4
st_Send,FUNC_5
session,VAR_5
iov,VAR_6
count,VAR_7
sys,VAR_8
ret,VAR_9
againErr,VAR_10
actualSize,VAR_11
