atomic64_sub_return,FUNC_0
atomic64_sub_and_test,FUNC_1
delta,VAR_0
ptr,VAR_1
new_val,VAR_2
