basic_test,FUNC_0
close_file,VAR_0
open_file_ro,VAR_1
readopen,FUNC_1
tc,VAR_2
mp,VAR_3
