PMAP_ENTER_NORECLAIM,VAR_0
RA_WLOCKED,VAR_1
TAILQ_INSERT_TAIL,FUNC_0
get_pv_entry,FUNC_1
pa_to_pvh,FUNC_2
pte1_pa,FUNC_3
pv_entry_count,VAR_2
pv_entry_high_water,VAR_3
pv_next,VAR_4
pvh_global_lock,VAR_5
rw_assert,FUNC_4
pmap_pv_insert_pte1,FUNC_5
pmap,VAR_6
va,VAR_7
pte1,VAR_8
flags,VAR_9
pvh,VAR_10
pv,VAR_11
noreclaim,VAR_12
