IB_GRH_FLOW_SHIFT,VAR_0
IB_GRH_NEXT_HDR,VAR_1
IB_GRH_TCLASS_SHIFT,VAR_2
IB_GRH_VERSION,VAR_3
IB_GRH_VERSION_SHIFT,VAR_4
SIZE_OF_CRC,VAR_5
cpu_to_be16,FUNC_0
cpu_to_be32,FUNC_1
ppd_from_ibp,FUNC_2
qib_make_grh,FUNC_3
ibp,VAR_6
hdr,VAR_7
grh,VAR_8
hwords,VAR_9
nwords,VAR_10
