STEP_CONNECT,VAR_0
completed,VAR_1
end_perf,FUNC_0
conn_handler,FUNC_1
n,VAR_2
