EIO,VAR_0
QLCNIC_FW_IMAGE_ADDR,VAR_1
QLCRDX,FUNC_0
dev_err,FUNC_1
qlcnic_83xx_ms_mem_write128,FUNC_2
release_firmware,FUNC_3
qlcnic_83xx_copy_fw_file,FUNC_4
adapter,VAR_2
dest,VAR_3
p_cache,VAR_4
addr,VAR_5
data,VAR_6
size,VAR_7
i,VAR_8
ret,VAR_9
