UINT_MAX,VAR_0
USHORT_MAX,VAR_1
blk_set_default_limits,FUNC_0
blk_set_stacking_limits,FUNC_1
lim,VAR_2
