of_node_put,FUNC_0
msi_bitmap_free,FUNC_1
bmp,VAR_0
