RM_MULTIXACT_ID,VAR_0
XLogBeginInsert,FUNC_0
XLogInsert,FUNC_1
XLogRegisterData,FUNC_2
WriteMZeroPageXlogRec,FUNC_3
pageno,VAR_1
info,VAR_2
