FALSE,VAR_0
NFS4_OK,VAR_1
OP_GETATTR,VAR_2
TRUE,VAR_3
XDR_DECODE,VAR_4
decode_file_attrs,FUNC_0
unexpected_op,FUNC_1
xdr_fattr4,FUNC_2
xdr_u_int32_t,FUNC_3
xdrmem_create,FUNC_4
decode_op_getattr,FUNC_5
xdr,VAR_5
resop,VAR_6
res,VAR_7
attr_xdr,VAR_8
