ERR,FUNC_0
FAILED,FUNC_1
ITypeLib_Release,FUNC_2
InterlockedCompareExchangePointer,FUNC_3
LIBID_Scripting,VAR_0
LOCALE_SYSTEM_DEFAULT,VAR_1
LoadRegTypeLib,FUNC_4
S_OK,VAR_2
typelib,VAR_3
load_typelib,FUNC_5
hres,VAR_4
tl,VAR_5
