CFLAG_CLEAR,VAR_0
DY,VAR_1
EA_AW_8,FUNC_0
FLAG_C,VAR_2
FLAG_N,VAR_3
FLAG_V,VAR_4
FLAG_Z,VAR_5
MASK_OUT_ABOVE_8,FUNC_1
NFLAG_8,FUNC_2
VFLAG_CLEAR,VAR_6
m68ki_write_8,FUNC_3
m68k_op_move_8_aw_d,FUNC_4
res,VAR_7
ea,VAR_8
