dispmanx_send_command_reply,FUNC_0
vc_dispmanx_send_command_reply,FUNC_1
command,VAR_0
buffer,VAR_1
length,VAR_2
response,VAR_3
max_length,VAR_4
