CSR_UCODE_DRV_GP2,VAR_0
_il_rd,FUNC_0
il3945_hw_get_temperature,FUNC_1
il,VAR_1
