efx_init_sriov,FUNC_0
