SDE_HOTPLUG_MASK_SPT,VAR_0
hpd_spt,VAR_1
ibx_display_interrupt_update,FUNC_0
intel_hpd_enabled_irqs,FUNC_1
spt_hpd_detection_setup,FUNC_2
spt_hpd_irq_setup,FUNC_3
dev_priv,VAR_2
hotplug_irqs,VAR_3
enabled_irqs,VAR_4
