ENODEV,VAR_0
FBC_CTL_FALSE_COLOR,VAR_1
HAS_FBC,FUNC_0
I915_READ,FUNC_1
I915_WRITE,FUNC_2
ILK_DPFC_CONTROL,VAR_2
INTEL_GEN,FUNC_3
mutex_lock,FUNC_4
mutex_unlock,FUNC_5
i915_fbc_false_color_set,FUNC_6
data,VAR_3
val,VAR_4
dev_priv,VAR_5
reg,VAR_6
