INIT_LIST_HEAD,FUNC_0
INIT_WORK,FUNC_1
atomic_set,FUNC_2
edc_init,FUNC_3
spin_lock_init,FUNC_4
wa_rpipe_init,FUNC_5
wa_urb_enqueue_run,VAR_0
wa_init,FUNC_6
wa,VAR_1
