coff_pseudo_table,VAR_0
pop_insert,FUNC_0
coff_pop_insert,FUNC_1
