MSG_ERROR,VAR_0
NID_commonName,VAR_1
NID_countryName,VAR_2
NID_localityName,VAR_3
NID_organizationName,VAR_4
NID_organizationalUnitName,VAR_5
NID_pkcs9_emailAddress,VAR_6
NID_stateOrProvinceName,VAR_7
match_dn_field,FUNC_0
os_strcmp,FUNC_1
str_token,FUNC_2
wpa_printf,FUNC_3
get_value_from_field,FUNC_4
cert,VAR_8
field_str,VAR_9
dn_cnt,VAR_10
nid,VAR_11
context,VAR_12
name,VAR_13
value,VAR_14
