B_INMEM,VAR_0
ENOENT,VAR_1
F_ISSET,FUNC_0
errno,VAR_2
mpool_put,FUNC_1
__bt_fd,FUNC_2
dbp,VAR_3
t,VAR_4
