AVERROR,FUNC_0
EINVAL,VAR_0
swr_set_channel_mapping,FUNC_1
s,VAR_1
channel_map,VAR_2
