put_device,FUNC_0
ipack_put_device,FUNC_1
dev,VAR_0
