ADVERTISED_1000baseT_Full,VAR_0
ADVERTISED_1000baseT_Half,VAR_1
ADVERTISED_100baseT_Full,VAR_2
ADVERTISED_100baseT_Half,VAR_3
ADVERTISED_10baseT_Full,VAR_4
ADVERTISED_10baseT_Half,VAR_5
ADVERTISED_Autoneg,VAR_6
ADVERTISED_FIBRE,VAR_7
ADVERTISED_TP,VAR_8
AUTONEG_ENABLE,VAR_9
DUPLEX_UNKNOWN,VAR_10
SPEED_UNKNOWN,VAR_11
TG3_PHYFLG_10_100_ONLY,VAR_12
TG3_PHYFLG_ANY_SERDES,VAR_13
TG3_PHYFLG_DISABLE_1G_HD_ADV,VAR_14
tg3_phy_init_link_config,FUNC_0
tp,VAR_15
adv,VAR_16
