ZFS_SPACE_CHECK_RESERVED,VAR_0
dsl_dir_update_last_remap_txg_sync,VAR_1
dsl_sync_task,FUNC_0
spa_name,FUNC_1
dsl_dir_update_last_remap_txg,FUNC_2
dd,VAR_2
txg,VAR_3
arg,VAR_4
