B_FALSE,VAR_0
range_tree_remove_impl,FUNC_0
range_tree_remove,FUNC_1
arg,VAR_1
start,VAR_2
size,VAR_3
