RXRPC_CALL_CLIENT_RECV_REPLY,VAR_0
RXRPC_CALL_RCVD_ACKALL,VAR_1
RXRPC_CALL_RESEND,VAR_2
RXRPC_CALL_RESEND_TIMER,VAR_3
RXRPC_CALL_RUN_RTIMER,VAR_4
_debug,FUNC_0
clear_bit,FUNC_1
set_bit,FUNC_2
try_to_del_timer_sync,FUNC_3
write_lock_bh,FUNC_4
write_unlock_bh,FUNC_5
rxrpc_assume_implicit_ackall,FUNC_6
call,VAR_5
serial,VAR_6
