EINVAL,VAR_0
snd_kcontrol_chip,FUNC_0
snd_ymfpci_readl,FUNC_1
snd_ymfpci_writel,FUNC_2
spin_lock_irq,FUNC_3
spin_unlock_irq,FUNC_4
snd_ymfpci_put_single,FUNC_5
kcontrol,VAR_1
ucontrol,VAR_2
chip,VAR_3
reg,VAR_4
shift,VAR_5
mask,VAR_6
change,VAR_7
val,VAR_8
oval,VAR_9
