event,VAR_0
wake_up_interruptible,FUNC_0
touch_mnt_namespace,FUNC_1
ns,VAR_1
