assert,FUNC_0
_ccv_nnc_is_symbolic_graph_exec_input_or_output,FUNC_1
p_ref,VAR_0
node,VAR_1
i,VAR_2
is_input,VAR_3
is_output,VAR_4
