strtoul,FUNC_0
getnum,FUNC_1
s,VAR_0
endp,VAR_1
l,VAR_2
