DMESGE,FUNC_0
GFP_KERNEL,VAR_0
kmalloc,FUNC_1
buffer_add,FUNC_2
buffer,VAR_1
buf,VAR_2
dma,VAR_3
bufferhead,VAR_4
tmp,VAR_5
