CFG_FM_I2S,VAR_0
CFG_FM_LJ,VAR_1
CFG_FM_MASK,VAR_2
CFG_FM_RJ,VAR_3
CFG_IC,VAR_4
CFG_ICK,VAR_5
EINVAL,VAR_6
SND_SOC_DAIFMT_FORMAT_MASK,VAR_7
SND_SOC_DAIFMT_INV_MASK,VAR_8
SND_SOC_DAIFMT_MASTER_MASK,VAR_9
snd_soc_dai_get_drvdata,FUNC_0
au1xi2s_set_fmt,FUNC_1
cpu_dai,VAR_10
fmt,VAR_11
ctx,VAR_12
c,VAR_13
ret,VAR_14
