EINVAL,VAR_0
ERR_PTR,FUNC_0
clks,VAR_1
stm32f4_rcc_lookup_clk_idx,FUNC_1
stm32f4_rcc_lookup_clk,FUNC_2
clkspec,VAR_2
data,VAR_3
i,VAR_4
