HOST,VAR_0
sdio_slave_get_host_intena,FUNC_0
