UART_RXFIFO_FULL_INT_ENA,VAR_0
UART_RXFIFO_TOUT_INT_ENA,VAR_1
uart_disable_intr_mask,FUNC_0
uart_disable_rx_intr,FUNC_1
uart_num,VAR_2
