BLT_HWS_PGA_GEN7,VAR_0
BSD_HWS_PGA_GEN7,VAR_1
GEM_BUG_ON,FUNC_0
I915_WRITE,FUNC_1
IS_GEN,FUNC_2
POSTING_READ,FUNC_3
RENDER_HWS_PGA_GEN7,VAR_2
RING_HWS_PGA,FUNC_4
RING_HWS_PGA_GEN6,FUNC_5
VEBOX_HWS_PGA_GEN7,VAR_3
set_hwsp,FUNC_6
engine,VAR_4
offset,VAR_5
dev_priv,VAR_6
hwsp,VAR_7
