FEATURES_UNPACK_ALPHA,FUNC_0
FEATURES_UNPACK_BLUE,FUNC_1
FEATURES_UNPACK_DEPTH,FUNC_2
FEATURES_UNPACK_GREEN,FUNC_3
FEATURES_UNPACK_MASK,FUNC_4
FEATURES_UNPACK_RED,FUNC_5
FEATURES_UNPACK_STENCIL,FUNC_6
formats,VAR_0
egl_config_bpps_match,FUNC_7
id0,VAR_1
id1,VAR_2
config0,VAR_3
config1,VAR_4
