cail_pll_write,FUNC_0
info,VAR_0
reg,VAR_1
val,VAR_2
