EINVAL,VAR_0
amdgpu_job_free_resources,FUNC_0
amdgpu_ring_priority_get,FUNC_1
dma_fence_get,FUNC_2
drm_sched_entity_push_job,FUNC_3
drm_sched_job_init,FUNC_4
to_amdgpu_ring,FUNC_5
amdgpu_job_submit,FUNC_6
job,VAR_1
entity,VAR_2
owner,VAR_3
f,VAR_4
priority,VAR_5
ring,VAR_6
r,VAR_7
