AMDGPU_HAVE_CTX_SWITCH,VAR_0
AMDGPU_IB_FLAG_CE,VAR_1
AMDGPU_JOB_GET_VMID,FUNC_0
PACKET3,FUNC_1
PACKET3_INDIRECT_BUFFER,VAR_2
PACKET3_INDIRECT_BUFFER_CONST,VAR_3
PACKET3_SWITCH_BUFFER,VAR_4
amdgpu_ring_write,FUNC_2
upper_32_bits,FUNC_3
gfx_v6_0_ring_emit_ib,FUNC_4
ring,VAR_5
job,VAR_6
ib,VAR_7
flags,VAR_8
vmid,VAR_9
header,VAR_10
control,VAR_11
