amdgpu_register_atpx_handler,FUNC_0
