GFP_KERNEL,VAR_0
LPFC_NVMET_DATA_BUF_SIZE,VAR_1
dma_pool_alloc,FUNC_0
dma_pool_free,FUNC_1
kfree,FUNC_2
kzalloc,FUNC_3
lpfc_sli4_nvmet_alloc,FUNC_4
phba,VAR_2
dma_buf,VAR_3
