PAGE_SIZE,VAR_0
class_to_shost,FUNC_0
scnprintf,FUNC_1
lpfc_soft_wwnn_show,FUNC_2
dev,VAR_1
attr,VAR_2
buf,VAR_3
shost,VAR_4
phba,VAR_5
