E_INVALIDARG,VAR_0
IFileDialogEvents_Constructor,FUNC_0
IFileDialogEvents_Release,FUNC_1
IFileDialog_Advise,FUNC_2
IFileDialog_Unadvise,FUNC_3
S_OK,VAR_1
ensure_zero_events,FUNC_4
impl_from_IFileDialogEvents,FUNC_5
ok,FUNC_6
test_advise_helper,FUNC_7
pfd,VAR_2
pfdeimpl,VAR_3
pfde,VAR_4
cookie,VAR_5
i,VAR_6
hr,VAR_7
