get_msb_long,FUNC_0
bufpp,VAR_0
retval,VAR_1
