mg_socket_if_create_conn,FUNC_0
nc,VAR_0
