typeWidth,VAR_0
wideRightShiftWithSticky,FUNC_0
hi,VAR_1
lo,VAR_2
count,VAR_3
sticky,VAR_4
sticky,VAR_5
sticky,VAR_6
