PIN_CTRL_E,VAR_0
gpiod_set_value_cansleep,FUNC_0
udelay,FUNC_1
hd44780_strobe_gpio,FUNC_2
hd,VAR_1
