host1x_channel_channelctrl_kernel_filter_gbuffer_f,FUNC_0
v,VAR_0
