HFS_I,FUNC_0
HFS_SB,FUNC_1
be16_to_cpu,FUNC_2
be32_to_cpu,FUNC_3
inode_set_bytes,FUNC_4
memcpy,FUNC_5
hfs_inode_read_fork,FUNC_6
inode,VAR_0
ext,VAR_1
__log_size,VAR_2
phys_size,VAR_3
clump_size,VAR_4
sb,VAR_5
log_size,VAR_6
count,VAR_7
i,VAR_8
