CEC_ERROR_INJ_RX_NACK_OFFSET,VAR_0
rx_error_inj,FUNC_0
rx_nack,FUNC_1
pin,VAR_1
