N_PPS,VAR_0
UART_ENABLE_MS,FUNC_0
UPF_HARDPPS_CD,VAR_1
atmel_disable_ms,FUNC_1
atmel_enable_ms,FUNC_2
spin_lock_irq,FUNC_3
spin_unlock_irq,FUNC_4
atmel_set_ldisc,FUNC_5
port,VAR_2
termios,VAR_3
