platform_get_drvdata,FUNC_0
sa1100_reg,VAR_0
uart_suspend_port,FUNC_1
sa1100_serial_suspend,FUNC_2
dev,VAR_1
state,VAR_2
sport,VAR_3
