correct_boxes,FUNC_0
find_replace,FUNC_1
free,FUNC_2
randomize_boxes,FUNC_3
read_boxes,FUNC_4
fill_truth_swag,FUNC_5
path,VAR_0
truth,VAR_1
classes,VAR_2
flip,VAR_3
dx,VAR_4
dy,VAR_5
sx,VAR_6
sy,VAR_7
labelpath,VAR_8
count,VAR_9
boxes,VAR_10
x,VAR_11
y,VAR_12
w,VAR_13
h,VAR_14
id,VAR_15
i,VAR_16
index,VAR_17
