calloc,FUNC_0
load_image_color,FUNC_1
load_image_paths,FUNC_2
paths,VAR_0
n,VAR_1
w,VAR_2
h,VAR_3
i,VAR_4
X,VAR_5
im,VAR_6
