FilterLoop26_C,FUNC_0
VFilter8_C,FUNC_1
u,VAR_0
v,VAR_1
stride,VAR_2
thresh,VAR_3
ithresh,VAR_4
hev_thresh,VAR_5
