clockctl,VAR_0
sys_to_ref,FUNC_0
ips_to_ref,FUNC_1
rate,VAR_1
ips_div,VAR_2
