EBP,VAR_0
ESP,VAR_1
assem_debug,FUNC_0
assert,FUNC_1
emit_writeword_indexed,FUNC_2
output_byte,FUNC_3
output_modrm,FUNC_4
output_sib,FUNC_5
output_w32,FUNC_6
regname,VAR_2
emit_writeword_indexed_map,FUNC_7
rt,VAR_3
addr,VAR_4
rs,VAR_5
map,VAR_6
temp,VAR_7
