EBADF,VAR_0
errno,VAR_1
fill_buffer,FUNC_0
fread,FUNC_1
memcpy,FUNC_2
use_buffer,FUNC_3
url_fread,FUNC_4
ptr,VAR_2
size,VAR_3
nmemb,VAR_4
file,VAR_5
want,VAR_6
