ECRYPTFS_SUPPORTED_FILE_VERSION,VAR_0
ECRYPTFS_VERSION_MAJOR,VAR_1
ECRYPTFS_VERSION_MINOR,VAR_2
ecryptfs_get_versions,FUNC_0
major,VAR_3
minor,VAR_4
file_version,VAR_5
