DRM_MODE_FLAG_INTERLACE,VAR_0
drm_mode_vrefresh,FUNC_0
stereo_match_mandatory,FUNC_1
mode,VAR_1
stereo_mode,VAR_2
interlaced,VAR_3
