IP2_MAX_BOARDS,VAR_0
i2BoardPtrTable,VAR_1
i2ServiceBoard,FUNC_0
service_all_boards,FUNC_1
i,VAR_2
pB,VAR_3
