EZFS_POOLUNAVAIL,VAR_0
POOL_STATE_UNAVAIL,VAR_1
TEXT_DOMAIN,VAR_2
dgettext,FUNC_0
zfs_error_fmt,FUNC_1
zpool_close,FUNC_2
zpool_open_canfail,FUNC_3
zpool_open,FUNC_4
hdl,VAR_3
pool,VAR_4
zhp,VAR_5
