pgd_offset,FUNC_0
pmd_alloc,FUNC_1
pte_alloc_map,FUNC_2
pud_alloc,FUNC_3
huge_pte_alloc,FUNC_4
mm,VAR_0
addr,VAR_1
sz,VAR_2
shared,VAR_3
pgd,VAR_4
pud,VAR_5
pmd,VAR_6
pte,VAR_7
