symbol_conf,VAR_0
perf_hpp__use_color,FUNC_0
