BIT,FUNC_0
SYS_CLKR,VAR_0
pr_err,FUNC_1
rtl_priv,FUNC_2
rtl_read_byte,FUNC_3
rtl_write_byte,FUNC_4
udelay,FUNC_5
_rtl92se_halset_sysclk,FUNC_6
hw,VAR_1
data,VAR_2
rtlpriv,VAR_3
waitcount,VAR_4
bresult,VAR_5
tmpvalue,VAR_6
