FUN,FUNC_0
REG,FUNC_1
examine_cyclic_buffer,FUNC_2
satisfy_request_from_offloaded_data,FUNC_3
vub300,VAR_0
cmd,VAR_1
regs,VAR_2
i,VAR_3
func,VAR_4
reg,VAR_5
checksum,VAR_6
rsp0,VAR_7
rsp1,VAR_8
rsp2,VAR_9
rsp3,VAR_10
