DMA_CCR_EVT_SUCCESS,VAR_0
ETIMEDOUT,VAR_1
IRQ_HANDLED,VAR_2
SDDMA_CCR,VAR_3
complete,FUNC_0
completion_done,FUNC_1
dev_err,FUNC_2
readl,FUNC_3
wmt_complete_data_request,FUNC_4
wmt_mci_disable_dma,FUNC_5
wmt_mci_dma_isr,FUNC_6
irq_num,VAR_4
data,VAR_5
priv,VAR_6
status,VAR_7
