isleap,FUNC_0
days_per_year,FUNC_1
year,VAR_0
