MAP_SHARED,VAR_0
alloc_data,FUNC_0
g,VAR_1
zalloc_shared_data,FUNC_1
bytes,VAR_2
