SVN_ERR_BAD_UUID,VAR_0
_,FUNC_0
apr_uuid_parse,FUNC_1
stub1,FUNC_2
svn_error_createf,FUNC_3
svn_error_trace,FUNC_4
svn_uuid_generate,FUNC_5
svn_fs_set_uuid,FUNC_6
fs,VAR_1
uuid,VAR_2
pool,VAR_3
parsed_uuid,VAR_4
apr_err,VAR_5
