kfree,FUNC_0
nfs4_free_createdata,FUNC_1
data,VAR_0
