dprintk,FUNC_0
errno_NFSERR_IO,VAR_0
nfs_stat_to_errno,FUNC_1
ntohl,FUNC_2
xdr_decode_fattr,FUNC_3
xdr_shift_buf,FUNC_4
nfs_xdr_readres,FUNC_5
req,VAR_1
p,VAR_2
res,VAR_3
iov,VAR_4
hdrlen,VAR_5
count,VAR_6
recvd,VAR_7
status,VAR_8
