IS_ERR,FUNC_0
NFS4_OPEN_CLAIM_PREVIOUS,VAR_0
NFS_DELEGATION_NEED_RECLAIM,VAR_1
NFS_I,FUNC_1
PTR_ERR,FUNC_2
nfs4_open_recover,FUNC_3
nfs4_open_recoverdata_alloc,FUNC_4
nfs4_opendata_put,FUNC_5
rcu_dereference,FUNC_6
rcu_read_lock,FUNC_7
rcu_read_unlock,FUNC_8
test_bit,FUNC_9
_nfs4_do_open_reclaim,FUNC_10
ctx,VAR_2
state,VAR_3
delegation,VAR_4
opendata,VAR_5
delegation_type,VAR_6
status,VAR_7
