EINVAL,VAR_0
ENOMEM,VAR_1
dma_fence_add_callback,FUNC_0
dma_fence_put,FUNC_1
dma_fence_signal,FUNC_2
mock_fence,FUNC_3
pr_err,FUNC_4
simple_callback,VAR_2
test_add_callback,FUNC_5
arg,VAR_3
cb,VAR_4
f,VAR_5
err,VAR_6
