v8a_from_v32,FUNC_0
v32,VAR_0
v,VAR_1
