WINDOW_SHIFT,VAR_0
__vmax301_page,FUNC_0
vmax301_page,FUNC_1
map,VAR_1
ofs,VAR_2
page,VAR_3
