h2o_socket_error_ssl_handshake,VAR_0
on_handshake_complete,FUNC_0
on_handshake_failure_ossl111,FUNC_1
sock,VAR_1
err,VAR_2
