should_use_h2,FUNC_0
ratio,VAR_0
counter,VAR_1
use_h2,VAR_2
