SQLITE_LoadExtension,VAR_0
SQLITE_OK,VAR_1
sqlite3_mutex_enter,FUNC_0
sqlite3_mutex_leave,FUNC_1
sqlite3_enable_load_extension,FUNC_2
db,VAR_2
onoff,VAR_3
