compare_function_rb,VAR_0
hlsl_ctx,VAR_1
wine_rb_init,FUNC_0
init_functions_tree,FUNC_1
funcs,VAR_2
