IMCR_L2WIBAR,VAR_0
IMCR_L2WIWC,VAR_1
cache_block_operation_nowait,FUNC_0
L2_cache_block_writeback_invalidate_nowait,FUNC_1
start,VAR_2
end,VAR_3
