COMEDI_CB_BLOCK,VAR_0
COMEDI_CB_OVERFLOW,VAR_1
comedi_buf_write_alloc,FUNC_0
comedi_buf_write_free,FUNC_1
comedi_inc_scan_progress,FUNC_2
dev_warn,FUNC_3
mite_bytes_written_to_memory_lb,FUNC_4
mite_bytes_written_to_memory_ub,FUNC_5
mite_sync_input_dma,FUNC_6
mite_chan,VAR_2
s,VAR_3
async,VAR_4
count,VAR_5
nbytes,VAR_6
old_alloc_count,VAR_7
