ENOSYS,VAR_0
pr_unimpl_nvram,FUNC_0
__erst_read_to_erange_from_nvram,FUNC_1
record_id,VAR_1
offset,VAR_2
