NGX_OK,VAR_0
ngx_http_dubbo_body_output_filter,VAR_1
ngx_http_dubbo_create_request,FUNC_0
r,VAR_2
u,VAR_3
