trace_print_lat_fmt,FUNC_0
trace_seq_putc,FUNC_1
trace_seq_puts,FUNC_2
print_graph_lat_fmt,FUNC_3
s,VAR_0
entry,VAR_1
