CloseServiceHandle,FUNC_0
ControlService,FUNC_1
DRIVER_NAME,VAR_0
ERROR_SERVICE_NOT_ACTIVE,VAR_1
FALSE,VAR_2
GetLastError,FUNC_2
OpenSCManagerW,FUNC_3
OpenServiceW,FUNC_4
SC_MANAGER_ALL_ACCESS,VAR_3
SERVICE_ALL_ACCESS,VAR_4
SERVICE_CONTROL_STOP,VAR_5
TRUE,VAR_6
wprintf,FUNC_5
StopDriver,FUNC_6
lpDriverName,VAR_7
hSCManager,VAR_8
hService,VAR_9
serviceStatus,VAR_10
bRet,VAR_11
