aalg_tmpl_set,FUNC_0
t,VAR_0
d,VAR_1
id,VAR_2
