TASK_COMM_LEN,VAR_0
TRACE_ITER_VERBOSE,VAR_1
lat_print_generic,FUNC_0
lat_print_timestamp,FUNC_1
trace_find_cmdline,FUNC_2
trace_find_next_entry,FUNC_3
trace_flags,VAR_2
trace_seq_printf,FUNC_4
trace_print_lat_context,FUNC_5
iter,VAR_3
next_ts,VAR_4
ret,VAR_5
s,VAR_6
entry,VAR_7
next_entry,VAR_8
verbose,VAR_9
comm,VAR_10
