ARRAY_SIZE,FUNC_0
mt7615_mac_set_rates,FUNC_1
rcu_dereference,FUNC_2
spin_lock_bh,FUNC_3
spin_unlock_bh,FUNC_4
mt7615_sta_rate_tbl_update,FUNC_5
hw,VAR_0
vif,VAR_1
sta,VAR_2
dev,VAR_3
msta,VAR_4
sta_rates,VAR_5
i,VAR_6
