ENODEV,VAR_0
SCF_SE_LUN_CMD,VAR_1
list_add_tail,FUNC_0
percpu_ref_tryget_live,FUNC_1
pr_debug,FUNC_2
rcu_dereference,FUNC_3
rcu_dereference_raw,FUNC_4
rcu_read_lock,FUNC_5
rcu_read_unlock,FUNC_6
spin_lock_irqsave,FUNC_7
spin_unlock_irqrestore,FUNC_8
target_nacl_find_deve,FUNC_9
transport_lookup_tmr_lun,FUNC_10
se_cmd,VAR_2
unpacked_lun,VAR_3
deve,VAR_4
se_lun,VAR_5
se_sess,VAR_6
nacl,VAR_7
se_tmr,VAR_8
flags,VAR_9
