DEEPMIND_OVERRIDE_LOOKAT,VAR_0
trap_DeepmindCallback,FUNC_0
dmlab_trigger_lookat,FUNC_1
entity_id,VAR_1
looked_at,VAR_2
position,VAR_3
ps,VAR_4
