HASH_START,VAR_0
shash_desc_ctx,FUNC_0
md5_init,FUNC_1
desc,VAR_1
mctx,VAR_2
hash,VAR_3
