NEIGH_PRINTK2,FUNC_0
NUD_NOARP,VAR_0
NUD_NONE,VAR_1
NUD_VALID,VAR_2
atomic_read,FUNC_1
neigh_blackhole,VAR_3
neigh_cleanup_and_release,FUNC_2
neigh_del_timer,FUNC_3
skb_queue_purge,FUNC_4
write_lock,FUNC_5
write_unlock,FUNC_6
neigh_flush_dev,FUNC_7
tbl,VAR_4
dev,VAR_5
i,VAR_6
n,VAR_7
np,VAR_8
