HFNUM_MAX_FRNUM,VAR_0
dwc2_frame_num_dec,FUNC_0
frame,VAR_1
dec,VAR_2
