DMA_FROM_DEVICE,VAR_0
DWC2_KMEM_UNALIGNED_BUF_SIZE,VAR_1
EINVAL,VAR_2
ENOMEM,VAR_3
GFP_ATOMIC,VAR_4
GFP_DMA,VAR_5
dev_err,FUNC_0
dma_map_single,FUNC_1
dma_mapping_error,FUNC_2
kmem_cache_alloc,FUNC_3
dwc2_alloc_split_dma_aligned_buf,FUNC_4
hsotg,VAR_6
qh,VAR_7
chan,VAR_8
