rtc_time_to_tm,FUNC_0
rtc_tm_to_time,FUNC_1
rtc_next_alarm_time,FUNC_2
next,VAR_0
now,VAR_1
alrm,VAR_2
next_time,VAR_3
now_time,VAR_4
