CTRL_REG,VAR_0
INT_ENABLE,VAR_1
readl,FUNC_0
spear_rtc_clear_interrupt,FUNC_1
writel,FUNC_2
spear_rtc_enable_interrupt,FUNC_3
config,VAR_2
val,VAR_3
