rtc_time64_to_tm,FUNC_0
rtc_tm_to_time64,FUNC_1
rtc_add_offset,FUNC_2
rtc,VAR_0
tm,VAR_1
secs,VAR_2
