Operand_bs8_encode,FUNC_0
valp,VAR_0
error,VAR_1
