Field_combined3e2c5767_fld21xt_flix64_slot1_Slot_xt_flix64_slot1_get,FUNC_0
insn,VAR_0
tie_t,VAR_1
