nvkm_rd32,FUNC_0
gf119_dac_cnt,FUNC_1
disp,VAR_0
pmask,VAR_1
device,VAR_2
