make_secret,FUNC_0
memset,FUNC_1
sscanf,FUNC_2
extract_secret,FUNC_3
filename,VAR_0
secret,VAR_1
i,VAR_2
x,VAR_3
c,VAR_4
s,VAR_5
