encode_fhandle,FUNC_0
encode_sattr,FUNC_1
rpc_rqst_userns,FUNC_2
nfs2_xdr_enc_sattrargs,FUNC_3
req,VAR_0
xdr,VAR_1
data,VAR_2
args,VAR_3
