ERANGE,VAR_0
IS_ERR_OR_NULL,FUNC_0
get_acl,FUNC_1
posix_acl_release,FUNC_2
strcpy,FUNC_3
strlen,FUNC_4
nfs3_list_one_acl,FUNC_5
inode,VAR_1
type,VAR_2
name,VAR_3
data,VAR_4
size,VAR_5
result,VAR_6
acl,VAR_7
p,VAR_8
