MP_PIN_OUT,VAR_0
demux_filter,VAR_1
demux_set_stream_wakeup_cb,FUNC_0
mp_filter_add_pin,FUNC_1
mp_filter_create,FUNC_2
wakeup,VAR_2
mp_demux_in_create,FUNC_3
parent,VAR_3
src,VAR_4
f,VAR_5
p,VAR_6
