EINVAL,VAR_0
pci_request_region,FUNC_0
to_pci_dev,FUNC_1
reserve_fn_bar,FUNC_2
fn,VAR_1
bar,VAR_2
dev,VAR_3
rc,VAR_4
idx,VAR_5
