EGALAX_FORMAT_PRESSURE_BIT,VAR_0
EGALAX_FORMAT_START_BIT,VAR_1
IRQ_HANDLED,VAR_2
dev_dbg,FUNC_0
egalax_process_data,FUNC_1
likely,FUNC_2
serio_get_drvdata,FUNC_3
egalax_interrupt,FUNC_4
serio,VAR_3
data,VAR_4
flags,VAR_5
egalax,VAR_6
pkt_len,VAR_7
