EINVAL,VAR_0
V4L2_OUTPUT_TYPE_ANALOGVGAOVERLAY,VAR_1
snprintf,FUNC_0
vidioc_enum_output,FUNC_1
file,VAR_2
priv_fh,VAR_3
out,VAR_4
