host_control_smi_type,VAR_0
simple_strtoul,FUNC_0
host_control_smi_type_store,FUNC_1
dev,VAR_1
attr,VAR_2
buf,VAR_3
count,VAR_4
