PCI_DEV_FLAGS_NO_PM_RESET,VAR_0
pci_is_root_bus,FUNC_0
quirk_no_pm_reset,FUNC_1
dev,VAR_1
