LZMA_OK,VAR_0
lzma_simple_props_size,FUNC_0
size,VAR_1
options,VAR_2
opt,VAR_3
