FAILURE,VAR_0
IS_STRING,VAR_1
SUCCESS,VAR_2
Z_DVAL_P,FUNC_0
Z_LVAL_P,FUNC_1
Z_STRLEN_P,FUNC_2
Z_STRVAL_P,FUNC_3
Z_TYPE_P,FUNC_4
is_numeric_string,FUNC_5
zval_get_i64,FUNC_6
zv,VAR_3
retval,VAR_4
lval,VAR_5
dval,VAR_6
