EINVAL,VAR_0
crc32_posix,FUNC_0
get_unaligned_le32,FUNC_1
hwinfo_db_walk,FUNC_2
le32_to_cpu,FUNC_3
nfp_err,FUNC_4
hwinfo_db_validate,FUNC_5
cpp,VAR_1
db,VAR_2
len,VAR_3
size,VAR_4
crc,VAR_5
