dev_WARN,FUNC_0
module_put,FUNC_1
stub1,FUNC_2
pci_epf_unbind,FUNC_3
epf,VAR_0
