TOSA_GPIO_TC6393XB_L3V_ON,VAR_0
TOSA_GPIO_TC6393XB_SUSPEND,VAR_1
gpio_set_value,FUNC_0
mdelay,FUNC_1
tosa_tc6393xb_resume,FUNC_2
dev,VAR_2
