MCDT_CH0_RXD,VAR_0
readl_relaxed,FUNC_0
sprd_mcdt_adc_read_fifo,FUNC_1
mcdt,VAR_1
channel,VAR_2
val,VAR_3
reg,VAR_4
