AUTO_LEN,VAR_0
DROPDOWN,FUNC_0
PROTO_SAFE,VAR_1
PROTO_SSL3,VAR_2
UNUSEDPARM,FUNC_1
banout_append,FUNC_2
banout_is_contains,FUNC_3
sprintf_s,FUNC_4
parse_alert,FUNC_5
banner1,VAR_3
banner1_private,VAR_4
pstate,VAR_5
px,VAR_6
length,VAR_7
banout,VAR_8
more,VAR_9
ssl,VAR_10
state,VAR_11
remaining,VAR_12
i,VAR_13
foo,VAR_14
foo,VAR_15
