i2c_get_clientdata,FUNC_0
ov_write,FUNC_1
ov_write_mask,FUNC_2
ov7x20_mode_init,FUNC_3
c,VAR_0
win,VAR_1
ov,VAR_2
qvga,VAR_3
