ngx_pipe_generation,VAR_0
ngx_increase_pipe_generation,FUNC_0
