Assert,FUNC_0
FirstOffsetNumber,VAR_0
GinGetDownlink,FUNC_1
GinPageIsData,FUNC_2
GinPageIsLeaf,FUNC_3
PageGetItem,FUNC_4
PageGetItemId,FUNC_5
PageGetMaxOffsetNumber,FUNC_6
entryGetLeftMostPage,FUNC_7
btree,VAR_1
page,VAR_2
itup,VAR_3
