Curl_safefree,FUNC_0
fgets,FUNC_1
realloc,FUNC_2
strchr,FUNC_3
strcpy,FUNC_4
strdup,FUNC_5
strlen,FUNC_6
my_get_line,FUNC_7
fp,VAR_0
buf,VAR_1
nl,VAR_2
line,VAR_3
ptr,VAR_4
linelen,VAR_5
