TSDB_DESCRIBE_METRIC_FIELD_INDEX,VAR_0
TSDB_DESCRIBE_METRIC_LENGTH_INDEX,VAR_1
TSDB_DESCRIBE_METRIC_NOTE_INDEX,VAR_2
TSDB_DESCRIBE_METRIC_TYPE_INDEX,VAR_3
command,VAR_4
fprintf,FUNC_0
result,VAR_5
sprintf,FUNC_1
stderr,VAR_6
strcpy,FUNC_2
strncpy,FUNC_3
taos,VAR_7
taos_fetch_fields,FUNC_4
taos_fetch_row,FUNC_5
taos_free_result,FUNC_6
taos_query,FUNC_7
taos_use_result,FUNC_8
taosGetTableDes,FUNC_9
table,VAR_8
tableDes,VAR_9
row,VAR_10
count,VAR_11
fields,VAR_12
