do_push_path,VAR_0
h2o_extract_push_path_from_link_header,FUNC_0
h2o_iovec_init,FUNC_1
h2o_push_path_in_link_header,FUNC_2
req,VAR_1
value,VAR_2
value_len,VAR_3
ret,VAR_4
