AllocSizeIsValid,FUNC_0
AssertArg,FUNC_1
AssertNotInCriticalSection,FUNC_2
ERRCODE_OUT_OF_MEMORY,VAR_0
ERROR,VAR_1
MemSetLoop,FUNC_3
MemoryContextIsValid,FUNC_4
MemoryContextStats,FUNC_5
TopMemoryContext,VAR_2
VALGRIND_MEMPOOL_ALLOC,FUNC_6
elog,FUNC_7
ereport,FUNC_8
errcode,FUNC_9
errdetail,FUNC_10
errmsg,FUNC_11
stub1,FUNC_12
unlikely,FUNC_13
MemoryContextAllocZeroAligned,FUNC_14
context,VAR_3
size,VAR_4
ret,VAR_5
