FALSE,VAR_0
is_clsid_supported,FUNC_0
clsid,VAR_1
table,VAR_2
