PROC_LOCK,FUNC_0
PROC_UNLOCK,FUNC_1
autofs_softc,VAR_0
autofs_ignore_thread,FUNC_2
td,VAR_1
p,VAR_2
