av_dict_set_int,FUNC_0
avio_rl32,FUNC_1
read_uint32,FUNC_2
avctx,VAR_0
pb,VAR_1
tag,VAR_2
fmt,VAR_3
