AVERROR,FUNC_0
AVERROR_EXIT,VAR_0
BIO_clear_retry_flags,FUNC_1
BIO_set_retry_read,FUNC_2
EAGAIN,VAR_1
GET_BIO_DATA,FUNC_3
ffurl_read,FUNC_4
url_bio_bread,FUNC_5
b,VAR_2
buf,VAR_3
len,VAR_4
h,VAR_5
ret,VAR_6
