atoi,FUNC_0
av_dict_get,FUNC_1
avio_w8,FUNC_2
avio_wb32,FUNC_3
ffio_wfourcc,FUNC_4
mov_write_int8_metadata,FUNC_5
s,VAR_0
pb,VAR_1
name,VAR_2
tag,VAR_3
len,VAR_4
t,VAR_5
num,VAR_6
size,VAR_7
