skl_hda_hdmi_jack_init,FUNC_0
skl_hda_card_late_probe,FUNC_1
card,VAR_0
