BIT,FUNC_0
le32p_replace_bits,FUNC_1
set_tx_desc_qos,FUNC_2
__pdesc,VAR_0
__val,VAR_1
