CLR_WIN,FUNC_0
HW_WIN,FUNC_1
JPEG_QT0_OFFSET,VAR_0
JPEG_QT1_OFFSET,VAR_1
MODE_JPEG,VAR_2
MODE_RAW,VAR_3
SCALE_MASK,VAR_4
configure_sensor_output,FUNC_2
info,FUNC_3
jpeg_define,FUNC_4
jpeg_set_qual,FUNC_5
reg_r,FUNC_6
reg_w,FUNC_7
reg_w1,FUNC_8
set_cmatrix,FUNC_9
set_exposure,FUNC_10
set_gain,FUNC_11
set_gamma,FUNC_12
set_hvflip,FUNC_13
set_redblue,FUNC_14
sd_start,FUNC_15
gspca_dev,VAR_5
sd,VAR_6
mode,VAR_7
width,VAR_8
height,VAR_9
fmt,VAR_10
scale,VAR_11
