ENOMEM,VAR_0
simple_callback,VAR_1
simple_free_urb,FUNC_0
simple_io,FUNC_1
testdev_to_usbdev,FUNC_2
usbtest_alloc_urb,FUNC_3
test_unaligned_bulk,FUNC_4
tdev,VAR_2
pipe,VAR_3
length,VAR_4
iterations,VAR_5
transfer_flags,VAR_6
label,VAR_7
retval,VAR_8
urb,VAR_9
