HASHMAP_BASE,FUNC_0
internal_hashmap_move,FUNC_1
set_move,FUNC_2
s,VAR_0
other,VAR_1
