BFIN_LCD_NBR_PALETTE_ENTRIES,VAR_0
EINVAL,VAR_1
FB_VISUAL_TRUECOLOR,VAR_2
bfin_bf54x_fb_setcolreg,FUNC_0
regno,VAR_3
red,VAR_4
green,VAR_5
blue,VAR_6
transp,VAR_7
info,VAR_8
value,VAR_9
