q40fb_setcolreg,FUNC_0
regno,VAR_0
red,VAR_1
green,VAR_2
blue,VAR_3
transp,VAR_4
info,VAR_5
