Assert,FUNC_0
chunk_scan_ctx_foreach_chunk,FUNC_1
set_complete_chunk,VAR_0
chunk_scan_ctx_get_chunk,FUNC_2
ctx,VAR_1
