INVALID_ESTIMATE,VAR_0
group_estimate_funcexpr,FUNC_0
group_estimate_opexpr,FUNC_1
nodeTag,FUNC_2
group_estimate_expr,FUNC_3
root,VAR_1
expr,VAR_2
path_rows,VAR_3
