EAGAIN,VAR_0
MAX_SCHEDULE_TIMEOUT,VAR_1
MSG_PEEK,VAR_2
RCV_SHUTDOWN,VAR_3
SCTP_DEBUG_PRINTK,FUNC_0
atomic_inc,FUNC_1
sctp_wait_for_packet,FUNC_2
skb_dequeue,FUNC_3
skb_peek,FUNC_4
sock_error,FUNC_5
sock_rcvtimeo,FUNC_6
spin_lock_bh,FUNC_7
spin_unlock_bh,FUNC_8
sctp_skb_recv_datagram,FUNC_9
sk,VAR_4
flags,VAR_5
noblock,VAR_6
err,VAR_7
error,VAR_8
skb,VAR_9
timeo,VAR_10
