kfree,FUNC_0
sctp_auth_asoc_set_secret,FUNC_1
sctp_auth_compare_vectors,FUNC_2
sctp_auth_make_local_vector,FUNC_3
sctp_auth_make_peer_vector,FUNC_4
sctp_auth_asoc_create_secret,FUNC_5
asoc,VAR_0
ep_key,VAR_1
gfp,VAR_2
local_key_vector,VAR_3
peer_key_vector,VAR_4
first_vector,VAR_5
last_vector,VAR_6
secret,VAR_7
cmp,VAR_8
