AF_INET6,VAR_0
ipv6_addr_copy,FUNC_0
sctp_v6_to_addr,FUNC_1
addr,VAR_1
saddr,VAR_2
port,VAR_3
