EAGAIN,VAR_0
EWOULDBLOCK,VAR_1
FD_ISSET,FUNC_0
FD_SET,FUNC_1
FD_SETSIZE,VAR_2
FD_ZERO,FUNC_2
errno,VAR_3
read,FUNC_3
select,FUNC_4
write,FUNC_5
do_shell,FUNC_6
sockfd,VAR_4
fds,VAR_5
cnt,VAR_6
buf,VAR_7
