dev_get_drvdata,FUNC_0
mutex_lock,FUNC_1
mutex_unlock,FUNC_2
schedule_work,FUNC_3
cdn_dp_resume,FUNC_4
dev,VAR_0
dp,VAR_1
