driver_register,FUNC_0
tiocx_bus_type,VAR_0
cx_driver_register,FUNC_1
cx_driver,VAR_1
