gif_read_image,FUNC_0
fz_load_gif,FUNC_1
ctx,VAR_0
p,VAR_1
total,VAR_2
image,VAR_3
gif,VAR_4
