SMC_CLC_DECL_NOSMCDDEV,VAR_0
smc_pnet_find_ism_resource,FUNC_0
smc_find_ism_device,FUNC_1
smc,VAR_1
ini,VAR_2
