PAGE_SHIFT,VAR_0
atomic_set_int,FUNC_0
vm_page_dump,VAR_1
dump_add_page,FUNC_1
pa,VAR_2
idx,VAR_3
bit,VAR_4
