AV_LOG_ERROR,VAR_0
av_log,FUNC_0
avformat_match_stream_specifier,FUNC_1
check_stream_specifier,FUNC_2
s,VAR_1
st,VAR_2
spec,VAR_3
ret,VAR_4
