CICR,FUNC_0
CSR,FUNC_1
OMAP2_DMA_CSR_CLEAR_MASK,VAR_0
cpu_class_is_omap1,FUNC_2
cpu_class_is_omap2,FUNC_3
dma_chan,VAR_1
dma_read,FUNC_4
dma_write,FUNC_5
omap_enable_channel_irq,FUNC_6
lch,VAR_2
status,VAR_3
