pr_debug,FUNC_0
omap_pm_cpu_get_freq,FUNC_1
