UID_GID_MAP_MAX_BASE_EXTENTS,VAR_0
smp_rmb,FUNC_0
m_start,FUNC_1
seq,VAR_1
ppos,VAR_2
map,VAR_3
pos,VAR_4
extents,VAR_5
