BitBlt,FUNC_0
FillRect,FUNC_1
LineTo,FUNC_2
MAX_PLOTS,VAR_0
MoveToEx,FUNC_3
SRCCOPY,VAR_1
SelectObject,FUNC_4
GraphCtrl_DrawPoint,FUNC_5
this,VAR_2
currX,VAR_3
prevX,VAR_4
currY,VAR_5
prevY,VAR_6
oldPen,VAR_7
rectCleanUp,VAR_8
i,VAR_9
rc,VAR_10
rc,VAR_11
