ALIGNMENT_SIZE,VAR_0
rmsize,FUNC_0
size,VAR_1
