ENSURE,FUNC_0
ISCAPI_TASK_VALID,FUNC_1
REQUIRE,FUNC_2
stub1,FUNC_3
isc_task_attach,FUNC_4
source,VAR_0
targetp,VAR_1
