CONNECT_E_CANNOTCONNECT,VAR_0
E_OUTOFMEMORY,VAR_1
FAILED,FUNC_0
GetProcessHeap,FUNC_1
HeapAlloc,FUNC_2
HeapFree,FUNC_3
IUnknown_QueryInterface,FUNC_4
S_OK,VAR_2
TRACE,FUNC_5
generate_Cookie,FUNC_6
list_add_head,FUNC_7
advise_sink,FUNC_8
sink_list,VAR_3
riid,VAR_4
cookie_magic,VAR_5
unk,VAR_6
cookie,VAR_7
sink,VAR_8
