ExecClearTuple,FUNC_0
ExecReScan,FUNC_1
outerPlanState,FUNC_2
tuplesort_end,FUNC_3
tuplesort_rescan,FUNC_4
ExecReScanSort,FUNC_5
node,VAR_0
outerPlan,VAR_1
