AUTONEG_ENABLE,VAR_0
__IGC_RESETTING,VAR_1
clear_bit,FUNC_0
igc_down,FUNC_1
igc_fc_default,VAR_2
igc_fc_full,VAR_3
igc_fc_none,VAR_4
igc_fc_rx_pause,VAR_5
igc_fc_tx_pause,VAR_6
igc_force_mac_fc,FUNC_2
igc_media_type_copper,VAR_7
igc_reset,FUNC_3
igc_setup_link,FUNC_4
igc_up,FUNC_5
netdev_priv,FUNC_6
netif_running,FUNC_7
test_and_set_bit,FUNC_8
usleep_range,FUNC_9
igc_set_pauseparam,FUNC_10
netdev,VAR_8
pause,VAR_9
adapter,VAR_10
hw,VAR_11
retval,VAR_12
