CAL_CSI2_CTX0,FUNC_0
CAL_CSI2_CTX_ATT_MASK,VAR_0
CAL_CSI2_CTX_ATT_PIX,VAR_1
CAL_CSI2_CTX_CPORT_MASK,VAR_2
CAL_CSI2_CTX_DT_MASK,VAR_3
CAL_CSI2_CTX_LINES_MASK,VAR_4
CAL_CSI2_CTX_PACK_MODE_LINE,VAR_5
CAL_CSI2_CTX_PACK_MODE_MASK,VAR_6
CAL_CSI2_CTX_VC_MASK,VAR_7
ctx_dbg,FUNC_1
reg_read,FUNC_2
reg_write,FUNC_3
set_field,FUNC_4
csi2_ctx_config,FUNC_5
ctx,VAR_8
val,VAR_9
