VM_MEMATTR_DEFAULT,VAR_0
moea64_mapdev_attr,FUNC_0
moea64_mapdev,FUNC_1
mmu,VAR_1
pa,VAR_2
size,VAR_3
