REG_DSI_14nm_PHY_LN_TIMING_CTRL_8,FUNC_0
i0,VAR_0
