ENODEV,VAR_0
ERR_PTR,FUNC_0
msm_dsi_pll_init,FUNC_1
pdev,VAR_1
type,VAR_2
id,VAR_3
