mmc_card_hs,FUNC_0
mmc_card_hs200,FUNC_1
mmc_card_hs400,FUNC_2
mmc_set_clock,FUNC_3
mmc_set_bus_speed,FUNC_4
card,VAR_0
max_dtr,VAR_1
