free,FUNC_0
free_INSN_LIST_list,FUNC_1
free_ldst_entry,FUNC_2
ptr,VAR_0
