CHIP_NAME,VAR_0
CPU_CODE_PARAMETER_NAME,VAR_1
CPU_UNIT_RESERVATION_P_FUNC_NAME,VAR_2
STATE_NAME,VAR_3
STATE_TYPE_NAME,VAR_4
description,VAR_5
fprintf,FUNC_0
output_chip_member_name,FUNC_1
output_file,VAR_6
output_reserved_units_table_name,FUNC_2
output_cpu_unit_reservation_p,FUNC_3
automaton,VAR_7
