NULL_TREE,VAR_0
TB_current_chain_node,FUNC_0
TREE_OPERAND,FUNC_1
TB_next_expr,FUNC_2
node,VAR_1
