cfg_hooks,VAR_0
stub1,FUNC_0
lv_adjust_loop_header_phi,FUNC_1
first,VAR_1
second,VAR_2
new,VAR_3
e,VAR_4
