INSN_LOCATOR,FUNC_0
locator_line,FUNC_1
insn_line,FUNC_2
insn,VAR_0
