to_sas_gpio_gp_bit,FUNC_0
od,VAR_0
data,VAR_1
index,VAR_2
count,VAR_3
bit,VAR_4
reg,VAR_5
byte,VAR_6
