DVBFE_ALGO_HW,VAR_0
DVBFE_ALGO_SW,VAR_1
dst_algo,VAR_2
dst_get_tuning_algo,FUNC_0
fe,VAR_3
