SVN_DIRENT_KIND,VAR_0
SVN_ERR,FUNC_0
dirent_receiver,VAR_1
svn_dirent_join,FUNC_1
svn_error_trace,FUNC_2
svn_fs_revision_root,FUNC_3
svn_repos_list,FUNC_4
svn_ra_local__list,FUNC_5
session,VAR_2
path,VAR_3
revision,VAR_4
patterns,VAR_5
depth,VAR_6
dirent_fields,VAR_7
receiver,VAR_8
receiver_baton,VAR_9
pool,VAR_10
sess,VAR_11
root,VAR_12
path_info_only,VAR_13
baton,VAR_14
