ring_dist,FUNC_0
ring_space,FUNC_1
ring,VAR_0
