list_empty_careful,FUNC_0
head,VAR_0
next,VAR_1
