M68K_INS_LSL,VAR_0
build_3bit_d,FUNC_0
d68000_lsl_s_16,FUNC_1
info,VAR_1
