shader_addline,FUNC_0
shader_glsl_add_dst_param,FUNC_1
shader_glsl_generate_conditional_op,FUNC_2
shader_glsl_texkill,FUNC_3
ins,VAR_0
dst_param,VAR_1
