HvCall2,FUNC_0
HvCallPciUnmaskInterrupts,VAR_0
HvCallPci_unmaskInterrupts,FUNC_1
busNumberParm,VAR_1
subBusParm,VAR_2
deviceIdParm,VAR_3
interruptMask,VAR_4
dsa,VAR_5
