FigureColnameInternal,FUNC_0
FigureColname,FUNC_1
node,VAR_0
name,VAR_1
