atomic_long_read,FUNC_0
nr_vmalloc_pages,VAR_0
vmalloc_nr_pages,FUNC_1
