kmem_cache_create_usercopy,FUNC_0
kmem_cache_create,FUNC_1
name,VAR_0
size,VAR_1
align,VAR_2
flags,VAR_3
ctor,VAR_4
