free_alien_cache,FUNC_0
ac_ptr,VAR_0
