cgen_signed_overflow_ok_p,FUNC_0
cd,VAR_0
