MAXCDNAME,VAR_0
MAXDNAME,VAR_1
fputs,FUNC_0
p_fqnname,FUNC_1
p_fqname,FUNC_2
cp,VAR_2
msg,VAR_3
file,VAR_4
name,VAR_5
n,VAR_6
