kfree,FUNC_0
usb_ep_free_request,FUNC_1
uasp_free_cmdreq,FUNC_2
fu,VAR_0
