__cfg80211_send_deauth,FUNC_0
wdev_lock,FUNC_1
wdev_unlock,FUNC_2
cfg80211_send_deauth,FUNC_3
dev,VAR_0
buf,VAR_1
len,VAR_2
wdev,VAR_3
