i2c_get_clientdata,FUNC_0
iio_device_unregister,FUNC_1
iio_priv,FUNC_2
pm_runtime_disable,FUNC_3
pm_runtime_put_noidle,FUNC_4
pm_runtime_set_suspended,FUNC_5
rpr0521_poweroff,FUNC_6
rpr0521_remove,FUNC_7
client,VAR_0
indio_dev,VAR_1
