RDQDA,VAR_0
ieee80211_priv,FUNC_0
write_nic_dword,FUNC_1
rtl8192_rx_enable,FUNC_2
dev,VAR_1
priv,VAR_2
