IRQ_HANDLED,VAR_0
TS_POLL_DELAY,VAR_1
disable_irq_nosync,FUNC_0
likely,FUNC_1
msecs_to_jiffies,FUNC_2
schedule_delayed_work,FUNC_3
stub1,FUNC_4
stub2,FUNC_5
tsc2007_irq,FUNC_6
irq,VAR_2
handle,VAR_3
ts,VAR_4
