power_supply_hwmon_is_a_label,FUNC_0
power_supply_hwmon_is_writable,FUNC_1
power_supply_hwmon_to_property,FUNC_2
power_supply_property_is_writeable,FUNC_3
test_bit,FUNC_4
power_supply_hwmon_is_visible,FUNC_5
data,VAR_0
type,VAR_1
attr,VAR_2
channel,VAR_3
psyhw,VAR_4
prop,VAR_5
