DA9150_QIF_IAVG,VAR_0
DA9150_QIF_IAVG_SIZE,VAR_1
DA9150_QIF_SD_GAIN,VAR_2
DA9150_QIF_SD_GAIN_SIZE,VAR_3
DA9150_QIF_SHUNT_VAL,VAR_4
DA9150_QIF_SHUNT_VAL_SIZE,VAR_5
da9150_fg_read_attr,FUNC_0
da9150_fg_read_sync_end,FUNC_1
da9150_fg_read_sync_start,FUNC_2
do_div,FUNC_3
da9150_fg_current_avg,FUNC_4
fg,VAR_6
val,VAR_7
iavg,VAR_8
sd_gain,VAR_9
shunt_val,VAR_10
div,VAR_11
res,VAR_12
