TSDB_CODE_SUCCESS,VAR_0
TSDB_KEYSIZE,VAR_1
TSQL_SO_ASC,VAR_2
TSQL_SO_DESC,VAR_3
setCheckTSOrder,FUNC_0
pTSBuf,VAR_4
pData,VAR_5
len,VAR_6
ptsData,VAR_7
lastKey,VAR_8
k1,VAR_9
k2,VAR_10
