PKEY_KEYTYPE_AES_256,VAR_0
pkey_protkey_aes_attr_read,FUNC_0
protkey_aes_256_xts_read,FUNC_1
filp,VAR_1
kobj,VAR_2
attr,VAR_3
buf,VAR_4
off,VAR_5
count,VAR_6
