cached_irq_mask,VAR_0
noritake_update_irq_hw,FUNC_0
noritake_disable_irq,FUNC_1
irq,VAR_1
