add_gin_entry,FUNC_0
check_stack_depth,FUNC_1
emit_jsp_gin_entries,FUNC_2
node,VAR_0
entries,VAR_1
i,VAR_2
