COMTYPE_PIDFILTER,VAR_0
ENODEV,VAR_1
FW_VERSION,FUNC_0
IR_RC5,VAR_2
IR_RC5_EXT,VAR_3
IR_RCMM,VAR_4
SetIR,VAR_5
av7110_fw_cmd,FUNC_1
av_cnt,VAR_6
av_list,VAR_7
ir_device_mask,VAR_8
ir_inversion,VAR_9
ir_protocol,VAR_10
av7110_check_ir_config,FUNC_2
av7110,VAR_11
force,VAR_12
i,VAR_13
modified,VAR_14
ret,VAR_15
