AudioQueueDispose,FUNC_0
AudioQueueFreeBuffer,FUNC_1
AudioQueueStop,FUNC_2
audio_resampler_destroy,FUNC_3
circlebuf_free,FUNC_4
obs_source_remove_audio_capture_callback,FUNC_5
on_audio_playback,VAR_0
pthread_mutex_destroy,FUNC_6
audio_monitor_free,FUNC_7
monitor,VAR_1
i,VAR_2
