likely,FUNC_0
memmove,FUNC_1
ntfs_rl_mm,FUNC_2
base,VAR_0
dst,VAR_1
src,VAR_2
size,VAR_3
