buf_eof,VAR_0
buf_err,VAR_1
malloc,FUNC_0
read_byte,FUNC_1
read_node_bytes,FUNC_2
node,VAR_2
b,VAR_3
i,VAR_4
current_mask_bit,VAR_5
