BitBlt,FUNC_0
LED_HEIGHT,VAR_0
LED_WIDTH,VAR_1
SRCCOPY,VAR_2
SelectObject,FUNC_1
DrawLeds,FUNC_2
hdc,VAR_3
hMemDC,VAR_4
p_board,VAR_5
number,VAR_6
x,VAR_7
y,VAR_8
hOldObj,VAR_9
led,VAR_10
i,VAR_11
count,VAR_12
