GPIO_IF_LedOff,FUNC_0
GPIO_IF_LedOn,FUNC_1
GPIO_IF_LedToggle,FUNC_2
LL_ERROR,VAR_0
LOG,FUNC_3
MCU_RED_LED_GPIO,VAR_1
sscanf,FUNC_4
process_command,FUNC_5
nc,VAR_2
data,VAR_3
len,VAR_4
cmd,VAR_5
val,VAR_6
