cpu_to_le32,FUNC_0
iwl_trans_read32,FUNC_1
le32_to_cpu,FUNC_2
iwl_dump_ini_csr_iter,FUNC_3
fwrt,VAR_0
reg,VAR_1
range_ptr,VAR_2
idx,VAR_3
range,VAR_4
val,VAR_5
addr,VAR_6
i,VAR_7
