ia64_set_pkr,FUNC_0
vcpu_set_pkr,FUNC_1
vcpu,VAR_0
reg,VAR_1
val,VAR_2
