cf_blockwise_accumulate,FUNC_0
sha256_update_block,VAR_0
cf_sha256_update,FUNC_1
ctx,VAR_1
data,VAR_2
nbytes,VAR_3
