TL_OUT,VAR_0
TL_OUT_METHODS,VAR_1
TL_OUT_POS,VAR_2
TL_OUT_REMAINING,VAR_3
assert,FUNC_0
stub1,FUNC_1
tl_store_clean,FUNC_2
