INT_MIN,VAR_0
SWAY_DEBUG,VAR_1
set_send_events,FUNC_0
sway_log,FUNC_1
config_libinput_keyboard,FUNC_2
device,VAR_2
ic,VAR_3
device_id,VAR_4
