batadv_dat_init_own_addr,FUNC_0
bat_priv,VAR_0
iface,VAR_1
