ESP_FAIL,VAR_0
ESP_OK,VAR_1
esp_transport_set_context_data,FUNC_0
t,VAR_2
data,VAR_3
