EBCASC,FUNC_0
INFO_SIMPLE,VAR_0
LPAR_NAME_LEN,VAR_1
memcpy,FUNC_1
strim,FUNC_2
part_hdr__part_name,FUNC_3
type,VAR_2
hdr,VAR_3
name,VAR_4
