ENOMEM,VAR_0
GFP_KERNEL,VAR_1
IS_ERR,FUNC_0
PTR_ERR,FUNC_1
hwmon_device_register,FUNC_2
i2c_set_clientdata,FUNC_3
kfree,FUNC_4
kzalloc,FUNC_5
lm83,VAR_2
lm83_group,VAR_3
lm83_group_opt,VAR_4
mutex_init,FUNC_6
sysfs_create_group,FUNC_7
sysfs_remove_group,FUNC_8
lm83_probe,FUNC_9
new_client,VAR_5
id,VAR_6
data,VAR_7
err,VAR_8
