DELETED_FLAG,VAR_0
EIO,VAR_1
IS_DIRSYNC,FUNC_0
brelse,FUNC_1
fat_get_entry,FUNC_2
mark_buffer_dirty_inode,FUNC_3
sync_dirty_buffer,FUNC_4
__fat_remove_entries,FUNC_5
dir,VAR_2
pos,VAR_3
nr_slots,VAR_4
sb,VAR_5
bh,VAR_6
de,VAR_7
endp,VAR_8
err,VAR_9
orig_slots,VAR_10
