I40E_MAX_NUM_DESCRIPTORS,VAR_0
netdev_priv,FUNC_0
i40e_get_ringparam,FUNC_1
netdev,VAR_1
ring,VAR_2
np,VAR_3
pf,VAR_4
vsi,VAR_5
