AC97_AD_SERIAL_CFG,VAR_0
snd_kcontrol_chip,FUNC_0
snd_ac97_ad198x_spdif_source_get,FUNC_1
kcontrol,VAR_1
ucontrol,VAR_2
ac97,VAR_3
val,VAR_4
