BTM_BLE_MULTI_ADV_DEFAULT_STD,VAR_0
BTM_BLE_MULTI_ADV_DISABLE_EVT,VAR_1
BTM_BleGetVendorCapabilities,FUNC_0
BTM_BleMaxMultiAdvInstanceCount,FUNC_1
BTM_CMD_STARTED,VAR_2
BTM_ERR_PROCESSING,VAR_3
BTM_ILLEGAL_VALUE,VAR_4
BTM_TRACE_ERROR,FUNC_2
BTM_TRACE_EVENT,FUNC_3
FALSE,VAR_5
btm_ble_enable_multi_adv,FUNC_4
btm_ble_multi_adv_configure_rpa,FUNC_5
btm_multi_adv_cb,VAR_6
btu_stop_timer_oneshot,FUNC_6
BTM_BleDisableAdvInstance,FUNC_7
inst_id,VAR_7
rt,VAR_8
cmn_ble_vsc_cb,VAR_9
