dma_resv_get_excl,FUNC_0
nouveau_bdev,FUNC_1
nv10_bo_put_tile_region,FUNC_2
nouveau_bo_vm_cleanup,FUNC_3
bo,VAR_0
new_tile,VAR_1
old_tile,VAR_2
drm,VAR_3
dev,VAR_4
fence,VAR_5
