archive_error_string,FUNC_0
archive_write_data,FUNC_1
bsdar_errc,FUNC_2
write_data,FUNC_3
bsdar,VAR_0
a,VAR_1
buf,VAR_2
s,VAR_3
