dev_attr_dev_id,VAR_0
device_create_file,FUNC_0
device_remove_file,FUNC_1
ipoib_intercept_dev_id_attr,FUNC_2
dev,VAR_1
