MP_CMD_DEF_MAX_ARGS,VAR_0
MP_CMD_OPT_ARG,VAR_1
mp_cmds,VAR_2
mp_info,FUNC_0
mp_print_cmd_list,FUNC_1
out,VAR_3
i,VAR_4
def,VAR_5
j,VAR_6
arg,VAR_7
is_opt,VAR_8
