libvlc_media_list_is_readonly,FUNC_0
p_mlist,VAR_0
