pm_runtime_suspended,FUNC_0
sprintf,FUNC_1
apds990x_power_state_show,FUNC_2
dev,VAR_0
attr,VAR_1
buf,VAR_2
