previous_segment,FUNC_0
path,VAR_0
len,VAR_1
