TC_RED_ECN,VAR_0
TC_RED_HARDDROP,VAR_1
sfq_hard_mark,FUNC_0
q,VAR_2
