iio_triggered_buffer_cleanup,FUNC_0
itg3200_buffer_unconfigure,FUNC_1
indio_dev,VAR_0
