EINVAL,VAR_0
SND_SOC_CLOCK_IN,VAR_1
dev_warn,FUNC_0
mt2701_dai_num_to_i2s,FUNC_1
snd_soc_dai_get_drvdata,FUNC_2
mt2701_afe_i2s_set_sysclk,FUNC_3
dai,VAR_2
clk_id,VAR_3
freq,VAR_4
dir,VAR_5
afe,VAR_6
afe_priv,VAR_7
i2s_num,VAR_8
mode,VAR_9
