git_describe_format_options_init,FUNC_0
git_describe_init_format_options,FUNC_1
opts,VAR_0
version,VAR_1
