assert,FUNC_0
ebml_parse_uint,FUNC_1
data,VAR_0
length,VAR_1
r,VAR_2
