resched_task,FUNC_0
rq_of_rt_rq,FUNC_1
sched_rt_rq_enqueue,FUNC_2
rt_rq,VAR_0
