EPERM,VAR_0
cgroup_is_descendant,FUNC_0
ns_can_attach_task,FUNC_1
cgroup,VAR_1
task,VAR_2
