A,VAR_0
D,VAR_1
FP_DECL_D,FUNC_0
FP_DECL_EX,VAR_2
FP_DECL_Q,FUNC_1
FP_EXTEND,FUNC_2
FP_HANDLE_EXCEPTIONS,VAR_3
FP_INIT_ROUNDMODE,VAR_4
FP_PACK_RAW_Q,FUNC_3
FP_UNPACK_RAW_D,FUNC_4
Q,VAR_5
R,VAR_6
__extenddftf2,FUNC_5
a,VAR_7
r,VAR_8
