EINVAL,VAR_0
V4L2_TUNER_MODE_STEREO,VAR_1
tr_setstereo,FUNC_0
video_drvdata,FUNC_1
vidioc_s_tuner,FUNC_2
file,VAR_2
priv,VAR_3
v,VAR_4
tr,VAR_5
