INTCHW_INTENCLEAR,VAR_0
IRQ_INTC0_START,VAR_1
MM_IO_BASE_INTC0,VAR_2
writel,FUNC_0
bcmring_mask_irq0,FUNC_1
irq,VAR_3
