BUG_ON,FUNC_0
POLICYDB_VERSION_BOUNDARY,VAR_0
cpu_to_le32,FUNC_1
ebitmap_write,FUNC_2
put_entry,FUNC_3
strlen,FUNC_4
role_write,FUNC_5
vkey,VAR_1
datum,VAR_2
ptr,VAR_3
key,VAR_4
role,VAR_5
pd,VAR_6
fp,VAR_7
p,VAR_8
buf,VAR_9
items,VAR_10
len,VAR_11
rc,VAR_12
