BRANCH_HALT,VAR_0
BRANCH_HALT_DELAY,VAR_1
BRANCH_HALT_ENABLE,VAR_2
BRANCH_HALT_SKIP,VAR_3
BRANCH_VOTED,VAR_4
EBUSY,VAR_5
WARN,FUNC_0
clk_branch_in_hwcg_mode,FUNC_1
clk_hw_get_name,FUNC_2
udelay,FUNC_3
clk_branch_wait,FUNC_4
br,VAR_6
enabling,VAR_7
check_halt,VAR_8
voted,VAR_9
name,VAR_10
count,VAR_11
