EINVAL,VAR_0
IS_ERR,FUNC_0
PTR_ERR,FUNC_1
gcc_apq8064_desc,VAR_1
gcc_msm8960_match_table,VAR_2
hfpll1,VAR_3
hfpll1_8064_data,VAR_4
hfpll_l2,VAR_5
hfpll_l2_8064_data,VAR_6
of_match_device,FUNC_2
platform_device_register_data,FUNC_3
platform_set_drvdata,FUNC_4
qcom_cc_probe,FUNC_5
qcom_cc_register_board_clk,FUNC_6
gcc_msm8960_probe,FUNC_7
pdev,VAR_7
dev,VAR_8
match,VAR_9
tsens,VAR_10
ret,VAR_11
