tolower,FUNC_0
_strncasecmp,FUNC_1
s1,VAR_0
s2,VAR_1
n,VAR_2
us1,VAR_3
us2,VAR_4
