ef4_free_special_buffer,FUNC_0
ef4_farch_ev_remove,FUNC_1
channel,VAR_0
