RGBLIGHT_MODE_RAINBOW_SWIRL,VAR_0
_SYMB,VAR_1
process_tap_tog,FUNC_0
rgblight_mode,FUNC_1
tap_tog_count,VAR_2
tap_tog_layer_other_key_pressed,VAR_3
process_record_user,FUNC_2
keycode,VAR_4
record,VAR_5
