BFQ_DEFAULT_GRP_CLASS,VAR_0
bfq_entity_to_bfqq,FUNC_0
bfq_class_idx,FUNC_1
entity,VAR_1
bfqq,VAR_2
