OPAL_ENDCOLUMN,VAR_0
OPAL_ENDLIST,VAR_1
OPAL_ENDNAME,VAR_2
OPAL_GET,VAR_3
OPAL_STARTCOLUMN,VAR_4
OPAL_STARTLIST,VAR_5
OPAL_STARTNAME,VAR_6
add_token_u64,FUNC_0
add_token_u8,FUNC_1
cmd_start,FUNC_2
finalize_and_send,FUNC_3
opalmethod,VAR_7
parse_and_check_status,VAR_8
generic_get_column,FUNC_4
dev,VAR_9
table,VAR_10
column,VAR_11
err,VAR_12
