IEEE80211_CHAN_ALLTURBO,VAR_0
findchannel,FUNC_0
chans,VAR_1
nchans,VAR_2
freq,VAR_3
flags,VAR_4
c,VAR_5
i,VAR_6
