IN6_ARE_ADDR_EQUAL,FUNC_0
IN6_ARE_MASKED_ADDR_EQUAL,FUNC_1
LLE_IFADDR,VAR_0
LLE_STATIC,VAR_1
in6_lltable_match_prefix,FUNC_2
saddr,VAR_2
smask,VAR_3
flags,VAR_4
lle,VAR_5
addr,VAR_6
mask,VAR_7
lle_addr,VAR_8
