KVM_DEV_TYPE_ARM_VGIC_V2,VAR_0
vgic_irq_is_sgi,FUNC_0
is_vgic_v2_sgi,FUNC_1
vcpu,VAR_1
irq,VAR_2
