CR_AREF,FUNC_0
CR_CHAN,FUNC_1
LAYOUT_4020,VAR_0
TRIG_FOLLOW,VAR_1
TRIG_NOW,VAR_2
TRIG_OTHER,VAR_3
TRIG_TIMER,VAR_4
board,FUNC_2
check_adc_timing,FUNC_3
comedi_error,FUNC_4
ai_cmdtest,FUNC_5
dev,VAR_5
s,VAR_6
cmd,VAR_7
err,VAR_8
tmp,VAR_9
tmp_arg,VAR_10
tmp_arg2,VAR_11
i,VAR_12
aref,VAR_13
triggers,VAR_14
first_channel,VAR_15
