NUM_RESOURCES,VAR_0
OWNER_NONE,VAR_1
devpriv,VAR_2
spin_lock_irqsave,FUNC_0
spin_unlock_irqrestore,FUNC_1
put_resources,FUNC_2
dev,VAR_3
res_mask,VAR_4
owner,VAR_5
i,VAR_6
b,VAR_7
irqflags,VAR_8
