snd_ctl_enum_info,FUNC_0
snapper_info_capture_source,FUNC_1
kcontrol,VAR_0
uinfo,VAR_1
texts,VAR_2
