SIOCSLAGGDELPORT,VAR_0
bzero,FUNC_0
err,FUNC_1
ioctl,FUNC_2
name,VAR_1
strlcpy,FUNC_3
unsetlaggport,FUNC_4
val,VAR_2
d,VAR_3
s,VAR_4
afp,VAR_5
rp,VAR_6
