EIO,VAR_0
ENODEV,VAR_1
dev_dbg,FUNC_0
mutex_lock,FUNC_1
mutex_unlock,FUNC_2
pr_err,FUNC_3
display_close,FUNC_4
inode,VAR_2
file,VAR_3
ictx,VAR_4
retval,VAR_5
