mei_txe_unset_pm_domain,FUNC_0
dev,VAR_0
