XFEATURE_MASK_FP,VAR_0
XFEATURE_MASK_SSE,VAR_1
init_fpstate,VAR_2
memcpy,FUNC_0
memset,FUNC_1
use_xsaveopt,FUNC_2
xfeatures_mask,VAR_3
xstate_comp_offsets,VAR_4
xstate_sizes,VAR_5
fpstate_sanitize_xstate,FUNC_3
fpu,VAR_6
fx,VAR_7
feature_bit,VAR_8
xfeatures,VAR_9
offset,VAR_10
size,VAR_11
